-12.875 -1.188 44.611 8.374 0.9961
-12.875 -1.125 44.612 8.459 0.6094
-12.875 -1.062 44.614 8.545 2.2422
-12.875 -1.000 44.615 8.630 0.6797
-12.875 -0.938 44.616 8.716 0.4531
-12.875 -0.875 44.617 8.802 0.6406
-12.875 -0.812 44.618 8.887 0.2344
-12.875 -0.750 44.619 8.973 0.0195
-12.875 -0.688 44.620 9.058 0.1289
-12.875 -0.625 44.621 9.144 1.0859
-12.875 -0.562 44.622 9.230 0.6953
-12.875 -0.500 44.622 9.315 0.6875
-12.875 -0.438 44.623 9.401 5.2344
-12.875 -0.375 44.624 9.486 11.5938
-12.875 -0.312 44.624 9.572 8.6484
-12.875 -0.250 44.624 9.658 4.7500
-12.875 -0.188 44.625 9.743 3.8945
-12.875 -0.125 44.625 9.829 1.2617
-12.875 -0.062 44.625 9.914 1.4062
-12.875 0.000 44.625 10.000 2.4570
-12.875 0.062 44.625 10.086 4.3672
-12.875 0.125 44.625 10.171 5.7227
-12.875 0.188 44.625 10.257 2.9023
-12.875 0.250 44.624 10.342 1.3320
-12.875 0.312 44.624 10.428 1.7188
-12.875 0.375 44.624 10.514 2.0938
-12.875 0.438 44.623 10.599 5.4414
-12.875 0.500 44.622 10.685 6.4336
-12.875 0.562 44.622 10.770 10.7188
-12.875 0.625 44.621 10.856 13.6172
-12.875 0.688 44.620 10.942 11.5586
-12.875 0.750 44.619 11.027 9.4023
-12.875 0.812 44.618 11.113 5.5859
-12.875 0.875 44.617 11.198 2.0156
-12.875 0.938 44.616 11.284 1.4883
-12.875 1.000 44.615 11.370 1.2500
-12.875 1.062 44.614 11.455 0.1328
-12.812 -1.188 44.673 8.372 2.3086
-12.812 -1.125 44.675 8.457 1.7344
-12.812 -1.062 44.676 8.543 0.3789
-12.812 -1.000 44.677 8.629 0.1289
-12.812 -0.938 44.679 8.714 0.1523
-12.812 -0.875 44.680 8.800 0.9141
-12.812 -0.812 44.681 8.886 2.0195
-12.812 -0.750 44.682 8.971 0.7930
-12.812 -0.688 44.683 9.057 0.8594
-12.812 -0.625 44.684 9.143 1.5625
-12.812 -0.562 44.684 9.229 2.1836
-12.812 -0.500 44.685 9.314 2.6367
-12.812 -0.438 44.686 9.400 1.6836
-12.812 -0.375 44.686 9.486 4.9766
-12.812 -0.312 44.687 9.571 3.2383
-12.812 -0.250 44.687 9.657 4.3867
-12.812 -0.188 44.687 9.743 8.2148
-12.812 -0.125 44.687 9.829 7.2031
-12.812 -0.062 44.687 9.914 5.3789
-12.812 0.000 44.688 10.000 7.5430
-12.812 0.062 44.687 10.086 5.4180
-12.812 0.125 44.687 10.171 5.7109
-12.812 0.188 44.687 10.257 3.0742
-12.812 0.250 44.687 10.343 1.5234
-12.812 0.312 44.687 10.429 1.6328
-12.812 0.375 44.686 10.514 4.8672
-12.812 0.438 44.686 10.600 5.8516
-12.812 0.500 44.685 10.686 9.3750
-12.812 0.562 44.684 10.771 9.6875
-12.812 0.625 44.684 10.857 12.4258
-12.812 0.688 44.683 10.943 15.2109
-12.812 0.750 44.682 11.029 13.5586
-12.812 0.812 44.681 11.114 3.0391
-12.812 0.875 44.680 11.200 1.2773
-12.812 0.938 44.679 11.286 1.1211
-12.812 1.000 44.677 11.371 1.7461
-12.812 1.062 44.676 11.457 1.4375
-12.750 -1.188 44.736 8.369 0.3594
-12.750 -1.125 44.737 8.455 0.6445
-12.750 -1.062 44.739 8.541 0.1289
-12.750 -1.000 44.740 8.627 0.4453
-12.750 -0.938 44.741 8.713 0.1211
-12.750 -0.875 44.742 8.798 1.8594
-12.750 -0.812 44.743 8.884 0.5000
-12.750 -0.750 44.744 8.970 0.2383
-12.750 -0.688 44.745 9.056 0.1797
-12.750 -0.625 44.746 9.142 1.1992
-12.750 -0.562 44.747 9.228 4.2500
-12.750 -0.500 44.747 9.313 3.9258
-12.750 -0.438 44.748 9.399 2.8359
-12.750 -0.375 44.749 9.485 6.6016
-12.750 -0.312 44.749 9.571 5.3477
-12.750 -0.250 44.749 9.657 3.2422
-12.750 -0.188 44.750 9.742 1.0234
-12.750 -0.125 44.750 9.828 2.9844
-12.750 -0.062 44.750 9.914 7.0391
-12.750 0.000 44.750 10.000 6.1445
-12.750 0.062 44.750 10.086 2.3359
-12.750 0.125 44.750 10.172 1.7812
-12.750 0.188 44.750 10.258 0.8945
-12.750 0.250 44.749 10.343 0.7109
-12.750 0.312 44.749 10.429 0.7539
-12.750 0.375 44.749 10.515 4.5391
-12.750 0.438 44.748 10.601 8.2148
-12.750 0.500 44.747 10.687 11.3164
-12.750 0.562 44.747 10.772 9.2148
-12.750 0.625 44.746 10.858 7.0508
-12.750 0.688 44.745 10.944 16.5234
-12.750 0.750 44.744 11.030 18.0117
-12.750 0.812 44.743 11.116 4.9414
-12.750 0.875 44.742 11.202 0.3320
-12.750 0.938 44.741 11.287 2.9961
-12.750 1.000 44.740 11.373 5.3867
-12.750 1.062 44.739 11.459 4.2656
-12.688 -1.188 44.798 8.367 0.0547
-12.688 -1.125 44.800 8.453 0.2227
-12.688 -1.062 44.801 8.539 1.2734
-12.688 -1.000 44.802 8.625 0.0820
-12.688 -0.938 44.804 8.711 0.6172
-12.688 -0.875 44.805 8.797 0.4219
-12.688 -0.812 44.806 8.883 0.4609
-12.688 -0.750 44.807 8.969 0.7930
-12.688 -0.688 44.808 9.055 0.4180
-12.688 -0.625 44.809 9.141 0.8477
-12.688 -0.562 44.809 9.226 0.5820
-12.688 -0.500 44.810 9.312 0.2500
-12.688 -0.438 44.811 9.398 1.7188
-12.688 -0.375 44.811 9.484 3.4844
-12.688 -0.312 44.812 9.570 2.7578
-12.688 -0.250 44.812 9.656 2.7305
-12.688 -0.188 44.812 9.742 0.7695
-12.688 -0.125 44.812 9.828 0.2578
-12.688 -0.062 44.812 9.914 1.4102
-12.688 0.000 44.812 10.000 1.9922
-12.688 0.062 44.812 10.086 0.9062
-12.688 0.125 44.812 10.172 1.4258
-12.688 0.188 44.812 10.258 1.9766
-12.688 0.250 44.812 10.344 2.1367
-12.688 0.312 44.812 10.430 2.3477
-12.688 0.375 44.811 10.516 7.9766
-12.688 0.438 44.811 10.602 10.6250
-12.688 0.500 44.810 10.688 11.4492
-12.688 0.562 44.809 10.774 8.5156
-12.688 0.625 44.809 10.859 5.2188
-12.688 0.688 44.808 10.945 8.0664
-12.688 0.750 44.807 11.031 6.2031
-12.688 0.812 44.806 11.117 3.5273
-12.688 0.875 44.805 11.203 5.8125
-12.688 0.938 44.804 11.289 5.9922
-12.688 1.000 44.802 11.375 4.3711
-12.688 1.062 44.801 11.461 4.6680
-12.625 -1.188 44.861 8.365 0.1289
-12.625 -1.125 44.862 8.451 0.6211
-12.625 -1.062 44.864 8.537 1.7773
-12.625 -1.000 44.865 8.623 0.7305
-12.625 -0.938 44.866 8.709 0.5938
-12.625 -0.875 44.867 8.795 0.1953
-12.625 -0.812 44.868 8.881 0.3398
-12.625 -0.750 44.869 8.967 1.6602
-12.625 -0.688 44.870 9.053 0.5820
-12.625 -0.625 44.871 9.139 0.3281
-12.625 -0.562 44.872 9.225 0.3164
-12.625 -0.500 44.872 9.312 0.3594
-12.625 -0.438 44.873 9.398 0.5625
-12.625 -0.375 44.874 9.484 1.1211
-12.625 -0.312 44.874 9.570 2.3438
-12.625 -0.250 44.874 9.656 1.4844
-12.625 -0.188 44.875 9.742 0.1367
-12.625 -0.125 44.875 9.828 0.1367
-12.625 -0.062 44.875 9.914 0.1094
-12.625 0.000 44.875 10.000 0.5195
-12.625 0.062 44.875 10.086 0.6484
-12.625 0.125 44.875 10.172 1.3633
-12.625 0.188 44.875 10.258 1.2344
-12.625 0.250 44.874 10.344 2.0312
-12.625 0.312 44.874 10.430 4.3477
-12.625 0.375 44.874 10.516 10.1250
-12.625 0.438 44.873 10.602 10.3711
-12.625 0.500 44.872 10.688 8.5898
-12.625 0.562 44.872 10.775 4.7773
-12.625 0.625 44.871 10.861 4.2500
-12.625 0.688 44.870 10.947 6.0625
-12.625 0.750 44.869 11.033 4.2188
-12.625 0.812 44.868 11.119 3.7461
-12.625 0.875 44.867 11.205 8.4922
-12.625 0.938 44.866 11.291 8.1562
-12.625 1.000 44.865 11.377 6.7578
-12.625 1.062 44.864 11.463 7.0000
-12.562 -1.188 44.923 8.363 0.0898
-12.562 -1.125 44.925 8.449 0.0430
-12.562 -1.062 44.926 8.535 1.4727
-12.562 -1.000 44.927 8.621 2.4805
-12.562 -0.938 44.929 8.707 0.2070
-12.562 -0.875 44.930 8.794 1.0156
-12.562 -0.812 44.931 8.880 1.9570
-12.562 -0.750 44.932 8.966 0.9453
-12.562 -0.688 44.933 9.052 0.2969
-12.562 -0.625 44.934 9.138 0.1367
-12.562 -0.562 44.934 9.224 0.0703
-12.562 -0.500 44.935 9.311 0.2773
-12.562 -0.438 44.936 9.397 0.2383
-12.562 -0.375 44.936 9.483 0.9805
-12.562 -0.312 44.937 9.569 0.1914
-12.562 -0.250 44.937 9.655 0.2031
-12.562 -0.188 44.937 9.741 0.1484
-12.562 -0.125 44.937 9.828 1.3320
-12.562 -0.062 44.937 9.914 0.4570
-12.562 0.000 44.937 10.000 0.4453
-12.562 0.062 44.937 10.086 0.6328
-12.562 0.125 44.937 10.172 0.8398
-12.562 0.188 44.937 10.259 0.7617
-12.562 0.250 44.937 10.345 2.7109
-12.562 0.312 44.937 10.431 5.4961
-12.562 0.375 44.936 10.517 5.8047
-12.562 0.438 44.936 10.603 5.1992
-12.562 0.500 44.935 10.689 5.9297
-12.562 0.562 44.934 10.776 3.5039
-12.562 0.625 44.934 10.862 1.3008
-12.562 0.688 44.933 10.948 6.2578
-12.562 0.750 44.932 11.034 1.7617
-12.562 0.812 44.931 11.120 6.7188
-12.562 0.875 44.930 11.206 9.0234
-12.562 0.938 44.929 11.293 9.3281
-12.562 1.000 44.927 11.379 6.8086
-12.562 1.062 44.926 11.465 5.5938
-12.500 -1.188 44.986 8.361 0.0781
-12.500 -1.125 44.987 8.447 0.2344
-12.500 -1.062 44.989 8.533 0.2539
-12.500 -1.000 44.990 8.619 1.3398
-12.500 -0.938 44.991 8.706 1.1680
-12.500 -0.875 44.992 8.792 1.4258
-12.500 -0.812 44.993 8.878 1.9570
-12.500 -0.750 44.994 8.965 0.7656
-12.500 -0.688 44.995 9.051 0.4766
-12.500 -0.625 44.996 9.137 0.4844
-12.500 -0.562 44.997 9.223 0.5977
-12.500 -0.500 44.997 9.310 0.6016
-12.500 -0.438 44.998 9.396 0.6758
-12.500 -0.375 44.999 9.482 0.4766
-12.500 -0.312 44.999 9.569 0.6328
-12.500 -0.250 44.999 9.655 1.4961
-12.500 -0.188 45.000 9.741 2.6836
-12.500 -0.125 45.000 9.827 3.1055
-12.500 -0.062 45.000 9.914 3.0117
-12.500 0.000 45.000 10.000 2.4531
-12.500 0.062 45.000 10.086 2.6016
-12.500 0.125 45.000 10.173 2.7188
-12.500 0.188 45.000 10.259 2.3633
-12.500 0.250 44.999 10.345 5.6719
-12.500 0.312 44.999 10.431 9.0547
-12.500 0.375 44.999 10.518 7.8438
-12.500 0.438 44.998 10.604 6.1094
-12.500 0.500 44.997 10.690 3.6602
-12.500 0.562 44.997 10.777 3.1406
-12.500 0.625 44.996 10.863 4.8906
-12.500 0.688 44.995 10.949 3.7852
-12.500 0.750 44.994 11.035 4.6250
-12.500 0.812 44.993 11.122 4.7070
-12.500 0.875 44.992 11.208 7.0781
-12.500 0.938 44.991 11.294 7.5586
-12.500 1.000 44.990 11.381 8.4023
-12.500 1.062 44.989 11.467 3.5391
-12.438 -1.188 45.048 8.359 0.0469
-12.438 -1.125 45.050 8.445 0.0391
-12.438 -1.062 45.051 8.531 0.0352
-12.438 -1.000 45.052 8.618 0.3086
-12.438 -0.938 45.054 8.704 1.9961
-12.438 -0.875 45.055 8.790 2.9219
-12.438 -0.812 45.056 8.877 2.3477
-12.438 -0.750 45.057 8.963 1.0508
-12.438 -0.688 45.058 9.050 0.1953
-12.438 -0.625 45.059 9.136 0.1562
-12.438 -0.562 45.059 9.222 0.3867
-12.438 -0.500 45.060 9.309 0.7266
-12.438 -0.438 45.061 9.395 0.9102
-12.438 -0.375 45.061 9.482 0.9570
-12.438 -0.312 45.062 9.568 2.1992
-12.438 -0.250 45.062 9.654 3.4609
-12.438 -0.188 45.062 9.741 3.4688
-12.438 -0.125 45.062 9.827 3.2734
-12.438 -0.062 45.062 9.914 3.2695
-12.438 0.000 45.062 10.000 4.0508
-12.438 0.062 45.062 10.086 4.3789
-12.438 0.125 45.062 10.173 4.3672
-12.438 0.188 45.062 10.259 6.7305
-12.438 0.250 45.062 10.346 8.7344
-12.438 0.312 45.062 10.432 9.9375
-12.438 0.375 45.061 10.518 8.7070
-12.438 0.438 45.061 10.605 5.4570
-12.438 0.500 45.060 10.691 1.9766
-12.438 0.562 45.059 10.778 1.8242
-12.438 0.625 45.059 10.864 1.5000
-12.438 0.688 45.058 10.950 2.8047
-12.438 0.750 45.057 11.037 2.1016
-12.438 0.812 45.056 11.123 2.6797
-12.438 0.875 45.055 11.210 2.6758
-12.438 0.938 45.054 11.296 5.3398
-12.438 1.000 45.052 11.382 7.4336
-12.438 1.062 45.051 11.469 7.2734
-12.375 -1.188 45.111 8.356 0.4727
-12.375 -1.125 45.112 8.443 0.6484
-12.375 -1.062 45.113 8.529 0.2891
-12.375 -1.000 45.115 8.616 0.1562
-12.375 -0.938 45.116 8.702 0.2578
-12.375 -0.875 45.117 8.789 1.8711
-12.375 -0.812 45.118 8.875 1.4727
-12.375 -0.750 45.119 8.962 1.6523
-12.375 -0.688 45.120 9.048 0.7656
-12.375 -0.625 45.121 9.135 0.3672
-12.375 -0.562 45.122 9.221 0.3359
-12.375 -0.500 45.122 9.308 0.9023
-12.375 -0.438 45.123 9.394 1.3164
-12.375 -0.375 45.124 9.481 1.5273
-12.375 -0.312 45.124 9.567 3.2422
-12.375 -0.250 45.124 9.654 4.5625
-12.375 -0.188 45.125 9.740 3.9219
-12.375 -0.125 45.125 9.827 3.3594
-12.375 -0.062 45.125 9.913 4.1914
-12.375 0.000 45.125 10.000 4.8242
-12.375 0.062 45.125 10.087 4.2578
-12.375 0.125 45.125 10.173 8.2461
-12.375 0.188 45.125 10.260 9.2578
-12.375 0.250 45.124 10.346 10.4844
-12.375 0.312 45.124 10.433 11.7734
-12.375 0.375 45.124 10.519 9.5820
-12.375 0.438 45.123 10.606 3.9414
-12.375 0.500 45.122 10.692 3.0391
-12.375 0.562 45.122 10.779 0.8555
-12.375 0.625 45.121 10.865 0.7344
-12.375 0.688 45.120 10.952 0.2422
-12.375 0.750 45.119 11.038 0.7930
-12.375 0.812 45.118 11.125 0.3711
-12.375 0.875 45.117 11.211 0.6875
-12.375 0.938 45.116 11.298 2.2422
-12.375 1.000 45.115 11.384 4.0508
-12.375 1.062 45.113 11.471 3.6211
-12.312 -1.188 45.173 8.354 0.0508
-12.312 -1.125 45.175 8.441 0.1758
-12.312 -1.062 45.176 8.527 0.0859
-12.312 -1.000 45.177 8.614 0.0742
-12.312 -0.938 45.179 8.701 0.1914
-12.312 -0.875 45.180 8.787 0.2891
-12.312 -0.812 45.181 8.874 0.6289
-12.312 -0.750 45.182 8.960 0.3320
-12.312 -0.688 45.183 9.047 0.7578
-12.312 -0.625 45.184 9.134 0.3711
-12.312 -0.562 45.184 9.220 0.3242
-12.312 -0.500 45.185 9.307 1.1562
-12.312 -0.438 45.186 9.394 2.9062
-12.312 -0.375 45.186 9.480 3.6953
-12.312 -0.312 45.187 9.567 4.2109
-12.312 -0.250 45.187 9.653 5.3672
-12.312 -0.188 45.187 9.740 5.3242
-12.312 -0.125 45.187 9.827 5.0391
-12.312 -0.062 45.187 9.913 5.4688
-12.312 0.000 45.188 10.000 6.8984
-12.312 0.062 45.187 10.087 9.8555
-12.312 0.125 45.187 10.173 9.8164
-12.312 0.188 45.187 10.260 10.0781
-12.312 0.250 45.187 10.347 11.2109
-12.312 0.312 45.187 10.433 11.1016
-12.312 0.375 45.186 10.520 7.5742
-12.312 0.438 45.186 10.606 4.1719
-12.312 0.500 45.185 10.693 1.9922
-12.312 0.562 45.184 10.780 0.9648
-12.312 0.625 45.184 10.866 0.7539
-12.312 0.688 45.183 10.953 0.4258
-12.312 0.750 45.182 11.040 0.3672
-12.312 0.812 45.181 11.126 0.8672
-12.312 0.875 45.180 11.213 2.4180
-12.312 0.938 45.179 11.299 1.6875
-12.312 1.000 45.177 11.386 2.0430
-12.312 1.062 45.176 11.473 3.1641
-12.250 -1.188 45.236 8.352 0.0078
-12.250 -1.125 45.237 8.439 0.4648
-12.250 -1.062 45.238 8.525 0.9570
-12.250 -1.000 45.240 8.612 0.7188
-12.250 -0.938 45.241 8.699 0.4805
-12.250 -0.875 45.242 8.786 1.1641
-12.250 -0.812 45.243 8.872 0.6562
-12.250 -0.750 45.244 8.959 0.4102
-12.250 -0.688 45.245 9.046 0.5938
-12.250 -0.625 45.246 9.132 0.8047
-12.250 -0.562 45.247 9.219 1.0273
-12.250 -0.500 45.247 9.306 2.1172
-12.250 -0.438 45.248 9.393 5.9961
-12.250 -0.375 45.249 9.479 8.8086
-12.250 -0.312 45.249 9.566 5.9922
-12.250 -0.250 45.249 9.653 7.2461
-12.250 -0.188 45.250 9.740 8.5625
-12.250 -0.125 45.250 9.826 7.4492
-12.250 -0.062 45.250 9.913 7.5742
-12.250 0.000 45.250 10.000 11.7031
-12.250 0.062 45.250 10.087 12.3008
-12.250 0.125 45.250 10.174 10.0156
-12.250 0.188 45.250 10.260 11.0508
-12.250 0.250 45.249 10.347 10.2109
-12.250 0.312 45.249 10.434 9.8984
-12.250 0.375 45.249 10.521 8.5625
-12.250 0.438 45.248 10.607 4.7578
-12.250 0.500 45.247 10.694 2.2227
-12.250 0.562 45.247 10.781 0.6172
-12.250 0.625 45.246 10.868 0.6523
-12.250 0.688 45.245 10.954 0.6484
-12.250 0.750 45.244 11.041 0.3164
-12.250 0.812 45.243 11.128 1.0117
-12.250 0.875 45.242 11.214 1.3633
-12.250 0.938 45.241 11.301 1.9453
-12.250 1.000 45.240 11.388 1.0508
-12.250 1.062 45.238 11.475 3.7812
-12.188 -1.188 45.298 8.350 1.2773
-12.188 -1.125 45.300 8.437 2.1914
-12.188 -1.062 45.301 8.523 2.2461
-12.188 -1.000 45.302 8.610 1.8125
-12.188 -0.938 45.304 8.697 3.6133
-12.188 -0.875 45.305 8.784 0.4492
-12.188 -0.812 45.306 8.871 0.8086
-12.188 -0.750 45.307 8.958 0.5312
-12.188 -0.688 45.308 9.044 0.1406
-12.188 -0.625 45.309 9.131 0.3438
-12.188 -0.562 45.309 9.218 0.4414
-12.188 -0.500 45.310 9.305 0.5586
-12.188 -0.438 45.311 9.392 0.7969
-12.188 -0.375 45.311 9.479 4.2617
-12.188 -0.312 45.312 9.566 5.2852
-12.188 -0.250 45.312 9.653 9.7188
-12.188 -0.188 45.312 9.739 9.1172
-12.188 -0.125 45.312 9.826 4.9062
-12.188 -0.062 45.312 9.913 10.0156
-12.188 0.000 45.313 10.000 13.9219
-12.188 0.062 45.312 10.087 9.7969
-12.188 0.125 45.312 10.174 8.9453
-12.188 0.188 45.312 10.261 10.0352
-12.188 0.250 45.312 10.347 10.7617
-12.188 0.312 45.312 10.434 9.0469
-12.188 0.375 45.311 10.521 8.5586
-12.188 0.438 45.311 10.608 5.7148
-12.188 0.500 45.310 10.695 3.8555
-12.188 0.562 45.309 10.782 3.2695
-12.188 0.625 45.309 10.869 2.2852
-12.188 0.688 45.308 10.956 1.8633
-12.188 0.750 45.307 11.042 1.6836
-12.188 0.812 45.306 11.129 1.6094
-12.188 0.875 45.305 11.216 2.4180
-12.188 0.938 45.304 11.303 1.3633
-12.188 1.000 45.302 11.390 1.3516
-12.188 1.062 45.301 11.477 2.9805
-12.125 -1.188 45.361 8.348 0.0938
-12.125 -1.125 45.362 8.434 0.4336
-12.125 -1.062 45.363 8.521 1.8398
-12.125 -1.000 45.365 8.608 1.9492
-12.125 -0.938 45.366 8.695 7.6797
-12.125 -0.875 45.367 8.782 7.8320
-12.125 -0.812 45.368 8.869 2.9648
-12.125 -0.750 45.369 8.956 1.4180
-12.125 -0.688 45.370 9.043 0.5938
-12.125 -0.625 45.371 9.130 0.4727
-12.125 -0.562 45.372 9.217 1.5977
-12.125 -0.500 45.372 9.304 2.7695
-12.125 -0.438 45.373 9.391 0.6328
-12.125 -0.375 45.374 9.478 1.4375
-12.125 -0.312 45.374 9.565 3.4766
-12.125 -0.250 45.374 9.652 7.1250
-12.125 -0.188 45.375 9.739 7.8359
-12.125 -0.125 45.375 9.826 8.0352
-12.125 -0.062 45.375 9.913 14.0273
-12.125 0.000 45.375 10.000 11.0430
-12.125 0.062 45.375 10.087 6.2461
-12.125 0.125 45.375 10.174 8.7031
-12.125 0.188 45.375 10.261 9.2461
-12.125 0.250 45.374 10.348 8.0469
-12.125 0.312 45.374 10.435 7.4648
-12.125 0.375 45.374 10.522 8.5586
-12.125 0.438 45.373 10.609 4.5977
-12.125 0.500 45.372 10.696 3.9961
-12.125 0.562 45.372 10.783 3.3750
-12.125 0.625 45.371 10.870 1.6367
-12.125 0.688 45.370 10.957 2.3477
-12.125 0.750 45.369 11.044 2.4492
-12.125 0.812 45.368 11.131 2.2617
-12.125 0.875 45.367 11.218 3.3359
-12.125 0.938 45.366 11.305 3.2188
-12.125 1.000 45.365 11.392 2.7656
-12.125 1.062 45.363 11.479 1.3711
-12.062 -1.188 45.423 8.345 0.0000
-12.062 -1.125 45.425 8.432 0.1602
-12.062 -1.062 45.426 8.519 0.3516
-12.062 -1.000 45.427 8.607 2.6797
-12.062 -0.938 45.428 8.694 6.6211
-12.062 -0.875 45.430 8.781 5.5664
-12.062 -0.812 45.431 8.868 5.9961
-12.062 -0.750 45.432 8.955 6.4102
-12.062 -0.688 45.433 9.042 4.8984
-12.062 -0.625 45.433 9.129 2.6992
-12.062 -0.562 45.434 9.216 1.8203
-12.062 -0.500 45.435 9.303 1.5938
-12.062 -0.438 45.436 9.390 1.6328
-12.062 -0.375 45.436 9.477 0.4570
-12.062 -0.312 45.436 9.564 2.0078
-12.062 -0.250 45.437 9.652 4.2617
-12.062 -0.188 45.437 9.739 6.8594
-12.062 -0.125 45.437 9.826 6.8594
-12.062 -0.062 45.437 9.913 7.7344
-12.062 0.000 45.438 10.000 8.4844
-12.062 0.062 45.437 10.087 10.0156
-12.062 0.125 45.437 10.174 11.9102
-12.062 0.188 45.437 10.261 8.4570
-12.062 0.250 45.437 10.348 6.0234
-12.062 0.312 45.436 10.436 4.6680
-12.062 0.375 45.436 10.523 8.2891
-12.062 0.438 45.436 10.610 8.3398
-12.062 0.500 45.435 10.697 2.1562
-12.062 0.562 45.434 10.784 1.8320
-12.062 0.625 45.433 10.871 0.8906
-12.062 0.688 45.433 10.958 0.4062
-12.062 0.750 45.432 11.045 1.1445
-12.062 0.812 45.431 11.132 2.6328
-12.062 0.875 45.430 11.219 4.2539
-12.062 0.938 45.428 11.306 7.4258
-12.062 1.000 45.427 11.393 4.8438
-12.062 1.062 45.426 11.481 1.6797
-12.000 -1.188 45.486 8.343 0.0156
-12.000 -1.125 45.487 8.430 0.0000
-12.000 -1.062 45.488 8.517 0.0000
-12.000 -1.000 45.490 8.605 0.4844
-12.000 -0.938 45.491 8.692 2.6875
-12.000 -0.875 45.492 8.779 2.8867
-12.000 -0.812 45.493 8.866 7.3164
-12.000 -0.750 45.494 8.953 8.4688
-12.000 -0.688 45.495 9.041 7.4844
-12.000 -0.625 45.496 9.128 4.9453
-12.000 -0.562 45.497 9.215 3.5039
-12.000 -0.500 45.497 9.302 1.2656
-12.000 -0.438 45.498 9.389 0.9141
-12.000 -0.375 45.499 9.477 0.7344
-12.000 -0.312 45.499 9.564 1.1758
-12.000 -0.250 45.499 9.651 3.6250
-12.000 -0.188 45.500 9.738 6.2695
-12.000 -0.125 45.500 9.826 6.8320
-12.000 -0.062 45.500 9.913 6.1797
-12.000 0.000 45.500 10.000 9.9453
-12.000 0.062 45.500 10.087 11.7500
-12.000 0.125 45.500 10.174 14.0820
-12.000 0.188 45.500 10.262 6.5664
-12.000 0.250 45.499 10.349 7.4648
-12.000 0.312 45.499 10.436 8.4648
-12.000 0.375 45.499 10.523 8.2695
-12.000 0.438 45.498 10.611 17.8398
-12.000 0.500 45.497 10.698 9.2188
-12.000 0.562 45.497 10.785 2.5742
-12.000 0.625 45.496 10.872 1.5273
-12.000 0.688 45.495 10.959 0.5938
-12.000 0.750 45.494 11.047 1.4336
-12.000 0.812 45.493 11.134 2.3906
-12.000 0.875 45.492 11.221 5.4414
-12.000 0.938 45.491 11.308 8.5508
-12.000 1.000 45.490 11.395 10.9570
-12.000 1.062 45.488 11.483 4.5234
-11.938 -1.188 45.548 8.341 0.1094
-11.938 -1.125 45.549 8.428 0.0586
-11.938 -1.062 45.551 8.515 0.0078
-11.938 -1.000 45.552 8.603 0.0039
-11.938 -0.938 45.553 8.690 0.0117
-11.938 -0.875 45.555 8.777 0.8164
-11.938 -0.812 45.556 8.865 1.5430
-11.938 -0.750 45.557 8.952 2.8984
-11.938 -0.688 45.558 9.039 4.1680
-11.938 -0.625 45.558 9.127 6.3984
-11.938 -0.562 45.559 9.214 3.1484
-11.938 -0.500 45.560 9.301 1.8828
-11.938 -0.438 45.561 9.389 1.8672
-11.938 -0.375 45.561 9.476 0.8086
-11.938 -0.312 45.561 9.563 0.9766
-11.938 -0.250 45.562 9.651 4.8594
-11.938 -0.188 45.562 9.738 6.9805
-11.938 -0.125 45.562 9.825 8.2422
-11.938 -0.062 45.562 9.913 7.8203
-11.938 0.000 45.562 10.000 14.3867
-11.938 0.062 45.562 10.087 12.0312
-11.938 0.125 45.562 10.175 10.8867
-11.938 0.188 45.562 10.262 7.6016
-11.938 0.250 45.562 10.349 6.4023
-11.938 0.312 45.561 10.437 11.6328
-11.938 0.375 45.561 10.524 13.7266
-11.938 0.438 45.561 10.611 17.8867
-11.938 0.500 45.560 10.699 14.0039
-11.938 0.562 45.559 10.786 5.9961
-11.938 0.625 45.558 10.873 2.2305
-11.938 0.688 45.558 10.961 0.9531
-11.938 0.750 45.557 11.048 1.8867
-11.938 0.812 45.556 11.135 1.7930
-11.938 0.875 45.555 11.223 1.5352
-11.938 0.938 45.553 11.310 3.4531
-11.938 1.000 45.552 11.397 5.5195
-11.938 1.062 45.551 11.485 9.5078
-11.875 -1.188 45.610 8.339 0.7578
-11.875 -1.125 45.612 8.426 0.4648
-11.875 -1.062 45.613 8.513 0.3867
-11.875 -1.000 45.615 8.601 0.1875
-11.875 -0.938 45.616 8.688 0.0586
-11.875 -0.875 45.617 8.776 0.0195
-11.875 -0.812 45.618 8.863 0.2812
-11.875 -0.750 45.619 8.951 1.2578
-11.875 -0.688 45.620 9.038 1.9102
-11.875 -0.625 45.621 9.125 1.6719
-11.875 -0.562 45.622 9.213 2.8984
-11.875 -0.500 45.622 9.300 1.5508
-11.875 -0.438 45.623 9.388 1.1406
-11.875 -0.375 45.624 9.475 1.8867
-11.875 -0.312 45.624 9.563 2.9297
-11.875 -0.250 45.624 9.650 7.2031
-11.875 -0.188 45.625 9.738 8.5781
-11.875 -0.125 45.625 9.825 8.2344
-11.875 -0.062 45.625 9.913 15.2539
-11.875 0.000 45.625 10.000 17.9766
-11.875 0.062 45.625 10.087 18.3672
-11.875 0.125 45.625 10.175 16.5664
-11.875 0.188 45.625 10.262 11.9492
-11.875 0.250 45.624 10.350 10.3086
-11.875 0.312 45.624 10.437 10.4883
-11.875 0.375 45.624 10.525 17.4727
-11.875 0.438 45.623 10.612 15.8984
-11.875 0.500 45.622 10.700 7.2266
-11.875 0.562 45.622 10.787 1.0234
-11.875 0.625 45.621 10.875 2.5039
-11.875 0.688 45.620 10.962 2.3281
-11.875 0.750 45.619 11.049 1.9414
-11.875 0.812 45.618 11.137 3.3867
-11.875 0.875 45.617 11.224 5.9570
-11.875 0.938 45.616 11.312 3.8438
-11.875 1.000 45.615 11.399 5.8516
-11.875 1.062 45.613 11.487 7.8164
-11.812 -1.188 45.673 8.336 2.6758
-11.812 -1.125 45.674 8.424 1.5508
-11.812 -1.062 45.676 8.511 1.2539
-11.812 -1.000 45.677 8.599 1.0625
-11.812 -0.938 45.678 8.687 0.5430
-11.812 -0.875 45.680 8.774 0.1992
-11.812 -0.812 45.681 8.862 0.0977
-11.812 -0.750 45.682 8.949 0.0664
-11.812 -0.688 45.683 9.037 0.0664
-11.812 -0.625 45.683 9.124 0.0195
-11.812 -0.562 45.684 9.212 0.1875
-11.812 -0.500 45.685 9.299 0.6250
-11.812 -0.438 45.686 9.387 1.7930
-11.812 -0.375 45.686 9.475 3.1875
-11.812 -0.312 45.686 9.562 2.3984
-11.812 -0.250 45.687 9.650 4.6055
-11.812 -0.188 45.687 9.737 10.8516
-11.812 -0.125 45.687 9.825 8.7188
-11.812 -0.062 45.687 9.912 14.3164
-11.812 0.000 45.688 10.000 24.5156
-11.812 0.062 45.687 10.088 21.8359
-11.812 0.125 45.687 10.175 16.8164
-11.812 0.188 45.687 10.263 11.6719
-11.812 0.250 45.687 10.350 16.6914
-11.812 0.312 45.686 10.438 8.5625
-11.812 0.375 45.686 10.525 5.3125
-11.812 0.438 45.686 10.613 10.6172
-11.812 0.500 45.685 10.701 6.8164
-11.812 0.562 45.684 10.788 1.9023
-11.812 0.625 45.683 10.876 3.9688
-11.812 0.688 45.683 10.963 0.7266
-11.812 0.750 45.682 11.051 0.7656
-11.812 0.812 45.681 11.138 5.5312
-11.812 0.875 45.680 11.226 7.7930
-11.812 0.938 45.678 11.313 5.6094
-11.812 1.000 45.677 11.401 9.9023
-11.812 1.062 45.676 11.489 10.8984
-11.750 -1.188 45.735 8.334 4.4727
-11.750 -1.125 45.737 8.422 2.8477
-11.750 -1.062 45.738 8.509 1.8945
-11.750 -1.000 45.740 8.597 1.9961
-11.750 -0.938 45.741 8.685 1.8906
-11.750 -0.875 45.742 8.772 1.1680
-11.750 -0.812 45.743 8.860 0.6523
-11.750 -0.750 45.744 8.948 0.3047
-11.750 -0.688 45.745 9.035 0.1094
-11.750 -0.625 45.746 9.123 0.5547
-11.750 -0.562 45.747 9.211 1.8008
-11.750 -0.500 45.747 9.298 1.8320
-11.750 -0.438 45.748 9.386 1.9883
-11.750 -0.375 45.749 9.474 2.0391
-11.750 -0.312 45.749 9.562 7.7891
-11.750 -0.250 45.749 9.649 8.1250
-11.750 -0.188 45.750 9.737 17.0195
-11.750 -0.125 45.750 9.825 15.8477
-11.750 -0.062 45.750 9.912 22.4062
-11.750 0.000 45.750 10.000 27.9375
-11.750 0.062 45.750 10.088 20.5703
-11.750 0.125 45.750 10.175 12.0586
-11.750 0.188 45.750 10.263 23.5859
-11.750 0.250 45.749 10.351 37.2617
-11.750 0.312 45.749 10.438 22.6328
-11.750 0.375 45.749 10.526 6.9375
-11.750 0.438 45.748 10.614 3.4844
-11.750 0.500 45.747 10.702 1.8633
-11.750 0.562 45.747 10.789 6.9648
-11.750 0.625 45.746 10.877 7.0195
-11.750 0.688 45.745 10.965 0.5742
-11.750 0.750 45.744 11.052 1.0352
-11.750 0.812 45.743 11.140 8.4453
-11.750 0.875 45.742 11.228 20.5078
-11.750 0.938 45.741 11.315 7.8164
-11.750 1.000 45.740 11.403 8.2266
-11.750 1.062 45.738 11.491 7.7188
-11.688 -1.188 45.798 8.332 5.6914
-11.688 -1.125 45.799 8.420 4.9141
-11.688 -1.062 45.801 8.507 2.9922
-11.688 -1.000 45.802 8.595 2.4297
-11.688 -0.938 45.803 8.683 2.8984
-11.688 -0.875 45.805 8.771 3.3633
-11.688 -0.812 45.806 8.859 2.8164
-11.688 -0.750 45.807 8.946 1.7305
-11.688 -0.688 45.808 9.034 0.6875
-11.688 -0.625 45.808 9.122 0.7461
-11.688 -0.562 45.809 9.210 2.0508
-11.688 -0.500 45.810 9.298 2.3438
-11.688 -0.438 45.811 9.385 3.3047
-11.688 -0.375 45.811 9.473 2.0547
-11.688 -0.312 45.811 9.561 4.5195
-11.688 -0.250 45.812 9.649 6.1445
-11.688 -0.188 45.812 9.737 13.0234
-11.688 -0.125 45.812 9.824 18.9609
-11.688 -0.062 45.812 9.912 28.8750
-11.688 0.000 45.813 10.000 54.5234
-11.688 0.062 45.812 10.088 29.9883
-11.688 0.125 45.812 10.176 20.0000
-11.688 0.188 45.812 10.263 12.7891
-11.688 0.250 45.812 10.351 29.3555
-11.688 0.312 45.811 10.439 25.4141
-11.688 0.375 45.811 10.527 20.7891
-11.688 0.438 45.811 10.615 7.8164
-11.688 0.500 45.810 10.702 1.8242
-11.688 0.562 45.809 10.790 2.1328
-11.688 0.625 45.808 10.878 8.0703
-11.688 0.688 45.808 10.966 0.4375
-11.688 0.750 45.807 11.054 1.8945
-11.688 0.812 45.806 11.141 4.8477
-11.688 0.875 45.805 11.229 20.7305
-11.688 0.938 45.803 11.317 16.2227
-11.688 1.000 45.802 11.405 5.5117
-11.688 1.062 45.801 11.493 1.7070
-11.625 -1.188 45.860 8.330 7.9023
-11.625 -1.125 45.862 8.418 6.6016
-11.625 -1.062 45.863 8.505 5.1211
-11.625 -1.000 45.865 8.593 3.2383
-11.625 -0.938 45.866 8.681 3.7422
-11.625 -0.875 45.867 8.769 4.8203
-11.625 -0.812 45.868 8.857 5.0625
-11.625 -0.750 45.869 8.945 4.9727
-11.625 -0.688 45.870 9.033 4.2383
-11.625 -0.625 45.871 9.121 3.7031
-11.625 -0.562 45.872 9.209 2.2109
-11.625 -0.500 45.872 9.297 1.1641
-11.625 -0.438 45.873 9.385 1.3008
-11.625 -0.375 45.874 9.472 1.4258
-11.625 -0.312 45.874 9.560 1.5078
-11.625 -0.250 45.874 9.648 4.5000
-11.625 -0.188 45.875 9.736 11.8672
-11.625 -0.125 45.875 9.824 12.8164
-11.625 -0.062 45.875 9.912 34.1211
-11.625 0.000 45.875 10.000 79.9180
-11.625 0.062 45.875 10.088 47.6016
-11.625 0.125 45.875 10.176 15.5742
-11.625 0.188 45.875 10.264 13.2656
-11.625 0.250 45.874 10.352 14.4492
-11.625 0.312 45.874 10.440 12.8125
-11.625 0.375 45.874 10.528 28.1406
-11.625 0.438 45.873 10.615 9.5898
-11.625 0.500 45.872 10.703 10.0781
-11.625 0.562 45.872 10.791 2.3047
-11.625 0.625 45.871 10.879 4.4023
-11.625 0.688 45.870 10.967 0.3945
-11.625 0.750 45.869 11.055 2.0508
-11.625 0.812 45.868 11.143 5.8008
-11.625 0.875 45.867 11.231 18.1250
-11.625 0.938 45.866 11.319 23.8008
-11.625 1.000 45.865 11.407 13.8594
-11.625 1.062 45.863 11.495 4.0195
-11.562 -1.188 45.923 8.327 5.5273
-11.562 -1.125 45.924 8.415 6.1641
-11.562 -1.062 45.926 8.503 6.6914
-11.562 -1.000 45.927 8.591 5.2578
-11.562 -0.938 45.928 8.679 4.1406
-11.562 -0.875 45.930 8.767 4.4648
-11.562 -0.812 45.931 8.855 4.6250
-11.562 -0.750 45.932 8.944 5.6797
-11.562 -0.688 45.933 9.032 6.2930
-11.562 -0.625 45.933 9.120 5.8008
-11.562 -0.562 45.934 9.208 4.7578
-11.562 -0.500 45.935 9.296 4.6641
-11.562 -0.438 45.936 9.384 4.5508
-11.562 -0.375 45.936 9.472 3.1758
-11.562 -0.312 45.936 9.560 2.9219
-11.562 -0.250 45.937 9.648 7.3359
-11.562 -0.188 45.937 9.736 10.2969
-11.562 -0.125 45.937 9.824 4.2500
-11.562 -0.062 45.937 9.912 13.0547
-11.562 0.000 45.938 10.000 13.8516
-11.562 0.062 45.937 10.088 23.4102
-11.562 0.125 45.937 10.176 13.3750
-11.562 0.188 45.937 10.264 7.6172
-11.562 0.250 45.937 10.352 11.7227
-11.562 0.312 45.936 10.440 5.7695
-11.562 0.375 45.936 10.528 14.9023
-11.562 0.438 45.936 10.616 24.0938
-11.562 0.500 45.935 10.704 21.7383
-11.562 0.562 45.934 10.792 8.4414
-11.562 0.625 45.933 10.880 3.8125
-11.562 0.688 45.933 10.968 0.7695
-11.562 0.750 45.932 11.056 1.9883
-11.562 0.812 45.931 11.145 7.3242
-11.562 0.875 45.930 11.233 7.5859
-11.562 0.938 45.928 11.321 2.8789
-11.562 1.000 45.927 11.409 7.0742
-11.562 1.062 45.926 11.497 5.0078
-11.500 -1.188 45.985 8.325 5.6562
-11.500 -1.125 45.987 8.413 5.7734
-11.500 -1.062 45.988 8.501 6.6328
-11.500 -1.000 45.990 8.590 7.1797
-11.500 -0.938 45.991 8.678 6.4609
-11.500 -0.875 45.992 8.766 5.7383
-11.500 -0.812 45.993 8.854 5.2266
-11.500 -0.750 45.994 8.942 4.3438
-11.500 -0.688 45.995 9.030 3.9883
-11.500 -0.625 45.996 9.118 3.5156
-11.500 -0.562 45.997 9.207 3.4922
-11.500 -0.500 45.997 9.295 5.6055
-11.500 -0.438 45.998 9.383 8.0039
-11.500 -0.375 45.999 9.471 7.4219
-11.500 -0.312 45.999 9.559 6.8516
-11.500 -0.250 45.999 9.647 8.8359
-11.500 -0.188 46.000 9.736 9.0430
-11.500 -0.125 46.000 9.824 4.1367
-11.500 -0.062 46.000 9.912 10.7734
-11.500 0.000 46.000 10.000 11.8086
-11.500 0.062 46.000 10.088 5.3203
-11.500 0.125 46.000 10.176 16.8711
-11.500 0.188 46.000 10.264 7.7695
-11.500 0.250 45.999 10.353 9.3047
-11.500 0.312 45.999 10.441 13.9297
-11.500 0.375 45.999 10.529 9.7773
-11.500 0.438 45.998 10.617 36.8008
-11.500 0.500 45.997 10.705 29.9141
-11.500 0.562 45.997 10.793 19.4609
-11.500 0.625 45.996 10.882 13.4805
-11.500 0.688 45.995 10.970 2.8008
-11.500 0.750 45.994 11.058 2.1016
-11.500 0.812 45.993 11.146 6.3125
-11.500 0.875 45.992 11.234 7.6797
-11.500 0.938 45.991 11.322 6.3477
-11.500 1.000 45.990 11.410 10.7070
-11.500 1.062 45.988 11.499 6.8516
-11.438 -1.188 46.048 8.323 5.5352
-11.438 -1.125 46.049 8.411 7.9727
-11.438 -1.062 46.051 8.499 6.4062
-11.438 -1.000 46.052 8.588 6.0508
-11.438 -0.938 46.053 8.676 5.5469
-11.438 -0.875 46.055 8.764 6.3789
-11.438 -0.812 46.056 8.852 7.6211
-11.438 -0.750 46.057 8.941 5.9961
-11.438 -0.688 46.058 9.029 4.7188
-11.438 -0.625 46.058 9.117 4.7148
-11.438 -0.562 46.059 9.205 2.9727
-11.438 -0.500 46.060 9.294 2.4883
-11.438 -0.438 46.061 9.382 5.1367
-11.438 -0.375 46.061 9.470 8.7188
-11.438 -0.312 46.061 9.559 8.4961
-11.438 -0.250 46.062 9.647 7.6328
-11.438 -0.188 46.062 9.735 8.0430
-11.438 -0.125 46.062 9.823 7.1016
-11.438 -0.062 46.062 9.912 5.9883
-11.438 0.000 46.063 10.000 5.2773
-11.438 0.062 46.062 10.088 5.6680
-11.438 0.125 46.062 10.177 7.8008
-11.438 0.188 46.062 10.265 26.5625
-11.438 0.250 46.062 10.353 6.4648
-11.438 0.312 46.061 10.441 18.8711
-11.438 0.375 46.061 10.530 11.2969
-11.438 0.438 46.061 10.618 44.5625
-11.438 0.500 46.060 10.706 43.7266
-11.438 0.562 46.059 10.795 18.4648
-11.438 0.625 46.058 10.883 13.8633
-11.438 0.688 46.058 10.971 6.3242
-11.438 0.750 46.057 11.059 7.0000
-11.438 0.812 46.056 11.148 7.2852
-11.438 0.875 46.055 11.236 6.7109
-11.438 0.938 46.053 11.324 11.1250
-11.438 1.000 46.052 11.412 25.1250
-11.438 1.062 46.051 11.501 11.8242
-11.375 -1.188 46.110 8.321 4.1719
-11.375 -1.125 46.112 8.409 6.3320
-11.375 -1.062 46.113 8.497 6.8555
-11.375 -1.000 46.115 8.586 5.9570
-11.375 -0.938 46.116 8.674 4.4219
-11.375 -0.875 46.117 8.762 4.0820
-11.375 -0.812 46.118 8.851 5.4141
-11.375 -0.750 46.119 8.939 6.5195
-11.375 -0.688 46.120 9.028 7.3438
-11.375 -0.625 46.121 9.116 8.0117
-11.375 -0.562 46.122 9.204 6.1953
-11.375 -0.500 46.122 9.293 3.6250
-11.375 -0.438 46.123 9.381 3.8047
-11.375 -0.375 46.124 9.470 6.2188
-11.375 -0.312 46.124 9.558 5.7031
-11.375 -0.250 46.124 9.646 7.1602
-11.375 -0.188 46.125 9.735 7.9414
-11.375 -0.125 46.125 9.823 7.0664
-11.375 -0.062 46.125 9.912 7.4844
-11.375 0.000 46.125 10.000 8.9375
-11.375 0.062 46.125 10.088 11.6797
-11.375 0.125 46.125 10.177 11.6484
-11.375 0.188 46.125 10.265 9.4844
-11.375 0.250 46.124 10.354 6.4180
-11.375 0.312 46.124 10.442 9.5820
-11.375 0.375 46.124 10.530 8.8164
-11.375 0.438 46.123 10.619 25.1758
-11.375 0.500 46.122 10.707 40.7266
-11.375 0.562 46.122 10.796 16.6172
-11.375 0.625 46.121 10.884 18.0117
-11.375 0.688 46.120 10.972 7.7852
-11.375 0.750 46.119 11.061 9.2539
-11.375 0.812 46.118 11.149 7.4180
-11.375 0.875 46.117 11.238 4.8398
-11.375 0.938 46.116 11.326 9.6719
-11.375 1.000 46.115 11.414 26.8555
-11.375 1.062 46.113 11.503 12.9961
-11.312 -1.188 46.173 8.318 3.9648
-11.312 -1.125 46.174 8.407 4.8125
-11.312 -1.062 46.176 8.495 11.5508
-11.312 -1.000 46.177 8.584 3.7148
-11.312 -0.938 46.178 8.672 4.1484
-11.312 -0.875 46.180 8.761 4.1523
-11.312 -0.812 46.181 8.849 5.1758
-11.312 -0.750 46.182 8.938 5.6133
-11.312 -0.688 46.183 9.026 7.0234
-11.312 -0.625 46.183 9.115 10.3672
-11.312 -0.562 46.184 9.203 10.2109
-11.312 -0.500 46.185 9.292 7.7031
-11.312 -0.438 46.186 9.380 6.6328
-11.312 -0.375 46.186 9.469 7.2148
-11.312 -0.312 46.186 9.557 8.5234
-11.312 -0.250 46.187 9.646 8.9688
-11.312 -0.188 46.187 9.734 9.2305
-11.312 -0.125 46.187 9.823 7.6211
-11.312 -0.062 46.187 9.911 6.5820
-11.312 0.000 46.188 10.000 7.5781
-11.312 0.062 46.187 10.089 7.0312
-11.312 0.125 46.187 10.177 6.5664
-11.312 0.188 46.187 10.266 13.0508
-11.312 0.250 46.187 10.354 7.8828
-11.312 0.312 46.186 10.443 7.8945
-11.312 0.375 46.186 10.531 10.6094
-11.312 0.438 46.186 10.620 10.2617
-11.312 0.500 46.185 10.708 31.5312
-11.312 0.562 46.184 10.797 19.0859
-11.312 0.625 46.183 10.885 17.5195
-11.312 0.688 46.183 10.974 16.7578
-11.312 0.750 46.182 11.062 9.1094
-11.312 0.812 46.181 11.151 8.2031
-11.312 0.875 46.180 11.239 4.6094
-11.312 0.938 46.178 11.328 9.0273
-11.312 1.000 46.177 11.416 12.8398
-11.312 1.062 46.176 11.505 17.3477
-11.250 -1.188 46.235 8.316 5.1289
-11.250 -1.125 46.237 8.405 5.9844
-11.250 -1.062 46.238 8.493 6.7578
-11.250 -1.000 46.240 8.582 4.4648
-11.250 -0.938 46.241 8.670 4.0312
-11.250 -0.875 46.242 8.759 4.9805
-11.250 -0.812 46.243 8.848 6.8281
-11.250 -0.750 46.244 8.936 7.9062
-11.250 -0.688 46.245 9.025 7.7148
-11.250 -0.625 46.246 9.114 13.6211
-11.250 -0.562 46.247 9.202 14.6367
-11.250 -0.500 46.247 9.291 9.6133
-11.250 -0.438 46.248 9.380 7.5625
-11.250 -0.375 46.249 9.468 8.1797
-11.250 -0.312 46.249 9.557 10.0508
-11.250 -0.250 46.249 9.645 16.6602
-11.250 -0.188 46.250 9.734 21.6914
-11.250 -0.125 46.250 9.823 12.7539
-11.250 -0.062 46.250 9.911 10.2109
-11.250 0.000 46.250 10.000 9.6055
-11.250 0.062 46.250 10.089 10.7773
-11.250 0.125 46.250 10.177 8.6797
-11.250 0.188 46.250 10.266 6.8984
-11.250 0.250 46.249 10.355 7.6367
-11.250 0.312 46.249 10.443 9.1367
-11.250 0.375 46.249 10.532 10.9922
-11.250 0.438 46.248 10.620 14.8008
-11.250 0.500 46.247 10.709 34.7266
-11.250 0.562 46.247 10.798 24.7695
-11.250 0.625 46.246 10.886 16.1406
-11.250 0.688 46.245 10.975 21.0820
-11.250 0.750 46.244 11.064 12.0703
-11.250 0.812 46.243 11.152 10.6016
-11.250 0.875 46.242 11.241 7.0938
-11.250 0.938 46.241 11.330 11.7383
-11.250 1.000 46.240 11.418 15.1992
-11.250 1.062 46.238 11.507 30.0234
-11.188 -1.188 46.298 8.314 7.1875
-11.188 -1.125 46.299 8.403 5.9180
-11.188 -1.062 46.301 8.491 12.3672
-11.188 -1.000 46.302 8.580 5.8125
-11.188 -0.938 46.303 8.669 5.2773
-11.188 -0.875 46.304 8.757 5.9102
-11.188 -0.812 46.306 8.846 5.1211
-11.188 -0.750 46.307 8.935 7.4336
-11.188 -0.688 46.308 9.024 10.4102
-11.188 -0.625 46.308 9.112 12.1055
-11.188 -0.562 46.309 9.201 12.4844
-11.188 -0.500 46.310 9.290 10.9258
-11.188 -0.438 46.310 9.379 8.7227
-11.188 -0.375 46.311 9.467 7.1055
-11.188 -0.312 46.311 9.556 8.9023
-11.188 -0.250 46.312 9.645 10.6211
-11.188 -0.188 46.312 9.734 11.9180
-11.188 -0.125 46.312 9.822 12.3086
-11.188 -0.062 46.312 9.911 9.2070
-11.188 0.000 46.312 10.000 10.2539
-11.188 0.062 46.312 10.089 9.3594
-11.188 0.125 46.312 10.178 14.9922
-11.188 0.188 46.312 10.266 8.2031
-11.188 0.250 46.312 10.355 11.2539
-11.188 0.312 46.311 10.444 12.7969
-11.188 0.375 46.311 10.533 23.1250
-11.188 0.438 46.310 10.621 26.7812
-11.188 0.500 46.310 10.710 18.1797
-11.188 0.562 46.309 10.799 13.5586
-11.188 0.625 46.308 10.888 30.5039
-11.188 0.688 46.308 10.976 24.9062
-11.188 0.750 46.307 11.065 15.6133
-11.188 0.812 46.306 11.154 10.0547
-11.188 0.875 46.304 11.243 14.3320
-11.188 0.938 46.303 11.331 11.5977
-11.188 1.000 46.302 11.420 16.1250
-11.188 1.062 46.301 11.509 28.6992
-11.125 -1.188 46.360 8.312 2.9727
-11.125 -1.125 46.362 8.400 3.3203
-11.125 -1.062 46.363 8.489 9.3125
-11.125 -1.000 46.365 8.578 7.9180
-11.125 -0.938 46.366 8.667 5.8828
-11.125 -0.875 46.367 8.756 17.9766
-11.125 -0.812 46.368 8.845 10.4531
-11.125 -0.750 46.369 8.933 6.6055
-11.125 -0.688 46.370 9.022 7.8867
-11.125 -0.625 46.371 9.111 13.1602
-11.125 -0.562 46.372 9.200 13.4648
-11.125 -0.500 46.372 9.289 9.6484
-11.125 -0.438 46.373 9.378 13.9961
-11.125 -0.375 46.374 9.467 15.5156
-11.125 -0.312 46.374 9.556 15.1914
-11.125 -0.250 46.374 9.644 15.1055
-11.125 -0.188 46.375 9.733 15.0078
-11.125 -0.125 46.375 9.822 15.4492
-11.125 -0.062 46.375 9.911 12.8047
-11.125 0.000 46.375 10.000 13.2305
-11.125 0.062 46.375 10.089 9.7969
-11.125 0.125 46.375 10.178 13.2695
-11.125 0.188 46.375 10.267 11.1445
-11.125 0.250 46.374 10.356 11.1602
-11.125 0.312 46.374 10.444 15.9570
-11.125 0.375 46.374 10.533 20.5859
-11.125 0.438 46.373 10.622 20.8750
-11.125 0.500 46.372 10.711 18.4453
-11.125 0.562 46.372 10.800 9.4727
-11.125 0.625 46.371 10.889 26.3320
-11.125 0.688 46.370 10.978 27.4609
-11.125 0.750 46.369 11.067 21.6094
-11.125 0.812 46.368 11.155 10.1641
-11.125 0.875 46.367 11.244 25.0781
-11.125 0.938 46.366 11.333 11.2031
-11.125 1.000 46.365 11.422 21.9062
-11.125 1.062 46.363 11.511 20.5156
-11.062 -1.188 46.423 8.309 2.0664
-11.062 -1.125 46.424 8.398 2.9766
-11.062 -1.062 46.426 8.487 5.2812
-11.062 -1.000 46.427 8.576 7.3242
-11.062 -0.938 46.428 8.665 6.8438
-11.062 -0.875 46.429 8.754 17.9180
-11.062 -0.812 46.431 8.843 10.9023
-11.062 -0.750 46.432 8.932 5.9453
-11.062 -0.688 46.433 9.021 16.6250
-11.062 -0.625 46.433 9.110 14.3125
-11.062 -0.562 46.434 9.199 16.4062
-11.062 -0.500 46.435 9.288 12.9297
-11.062 -0.438 46.435 9.377 16.2383
-11.062 -0.375 46.436 9.466 21.4844
-11.062 -0.312 46.436 9.555 17.9141
-11.062 -0.250 46.437 9.644 21.2578
-11.062 -0.188 46.437 9.733 20.3633
-11.062 -0.125 46.437 9.822 19.0938
-11.062 -0.062 46.437 9.911 18.3867
-11.062 0.000 46.438 10.000 16.4023
-11.062 0.062 46.437 10.089 15.8477
-11.062 0.125 46.437 10.178 18.0156
-11.062 0.188 46.437 10.267 15.2773
-11.062 0.250 46.437 10.356 13.9531
-11.062 0.312 46.436 10.445 22.4297
-11.062 0.375 46.436 10.534 20.6680
-11.062 0.438 46.435 10.623 14.3320
-11.062 0.500 46.435 10.712 11.5625
-11.062 0.562 46.434 10.801 10.4688
-11.062 0.625 46.433 10.890 12.3242
-11.062 0.688 46.433 10.979 38.3203
-11.062 0.750 46.432 11.068 29.9023
-11.062 0.812 46.431 11.157 14.5977
-11.062 0.875 46.429 11.246 24.1172
-11.062 0.938 46.428 11.335 11.0312
-11.062 1.000 46.427 11.424 16.8477
-11.062 1.062 46.426 11.513 28.8047
-11.000 -1.188 46.485 8.307 2.3398
-11.000 -1.125 46.487 8.396 3.4609
-11.000 -1.062 46.488 8.485 4.5234
-11.000 -1.000 46.490 8.574 3.0625
-11.000 -0.938 46.491 8.663 3.4727
-11.000 -0.875 46.492 8.752 4.2461
-11.000 -0.812 46.493 8.841 12.5703
-11.000 -0.750 46.494 8.931 11.6953
-11.000 -0.688 46.495 9.020 14.7070
-11.000 -0.625 46.496 9.109 9.2266
-11.000 -0.562 46.497 9.198 9.7148
-11.000 -0.500 46.497 9.287 7.4336
-11.000 -0.438 46.498 9.376 9.7578
-11.000 -0.375 46.499 9.465 12.9492
-11.000 -0.312 46.499 9.554 14.8203
-11.000 -0.250 46.499 9.643 16.9883
-11.000 -0.188 46.500 9.733 20.9375
-11.000 -0.125 46.500 9.822 23.6172
-11.000 -0.062 46.500 9.911 29.3555
-11.000 0.000 46.500 10.000 39.6602
-11.000 0.062 46.500 10.089 20.7695
-11.000 0.125 46.500 10.178 19.4453
-11.000 0.188 46.500 10.267 16.2852
-11.000 0.250 46.499 10.357 21.7266
-11.000 0.312 46.499 10.446 32.4219
-11.000 0.375 46.499 10.535 24.2266
-11.000 0.438 46.498 10.624 17.2305
-11.000 0.500 46.497 10.713 13.9258
-11.000 0.562 46.497 10.802 11.7500
-11.000 0.625 46.496 10.891 9.1523
-11.000 0.688 46.495 10.980 16.1875
-11.000 0.750 46.494 11.069 25.9219
-11.000 0.812 46.493 11.159 18.1211
-11.000 0.875 46.492 11.248 13.2109
-11.000 0.938 46.491 11.337 11.0508
-11.000 1.000 46.490 11.426 8.9102
-11.000 1.062 46.488 11.515 24.7695
-10.938 -1.188 46.548 8.305 3.6484
-10.938 -1.125 46.549 8.394 3.3555
-10.938 -1.062 46.551 8.483 4.8203
-10.938 -1.000 46.552 8.572 3.2852
-10.938 -0.938 46.553 8.661 2.7188
-10.938 -0.875 46.554 8.751 3.7266
-10.938 -0.812 46.556 8.840 6.4883
-10.938 -0.750 46.557 8.929 10.1602
-10.938 -0.688 46.558 9.018 5.3828
-10.938 -0.625 46.558 9.108 11.7148
-10.938 -0.562 46.559 9.197 10.5156
-10.938 -0.500 46.560 9.286 8.0977
-10.938 -0.438 46.560 9.375 9.7539
-10.938 -0.375 46.561 9.465 13.2656
-10.938 -0.312 46.561 9.554 13.5156
-10.938 -0.250 46.562 9.643 17.0977
-10.938 -0.188 46.562 9.732 19.2578
-10.938 -0.125 46.562 9.822 14.4648
-10.938 -0.062 46.562 9.911 15.5156
-10.938 0.000 46.562 10.000 33.7734
-10.938 0.062 46.562 10.089 27.6641
-10.938 0.125 46.562 10.178 23.8594
-10.938 0.188 46.562 10.268 17.7109
-10.938 0.250 46.562 10.357 21.0547
-10.938 0.312 46.561 10.446 23.2148
-10.938 0.375 46.561 10.535 30.3047
-10.938 0.438 46.560 10.625 46.6680
-10.938 0.500 46.560 10.714 40.2344
-10.938 0.562 46.559 10.803 38.7109
-10.938 0.625 46.558 10.892 18.0547
-10.938 0.688 46.558 10.982 10.5156
-10.938 0.750 46.557 11.071 22.3203
-10.938 0.812 46.556 11.160 19.3008
-10.938 0.875 46.554 11.249 12.5156
-10.938 0.938 46.553 11.339 16.0664
-10.938 1.000 46.552 11.428 17.4609
-10.938 1.062 46.551 11.517 15.0234
-10.875 -1.188 46.610 8.302 8.9766
-10.875 -1.125 46.612 8.392 4.2695
-10.875 -1.062 46.613 8.481 4.3477
-10.875 -1.000 46.614 8.570 5.0742
-10.875 -0.938 46.616 8.660 4.5625
-10.875 -0.875 46.617 8.749 4.4023
-10.875 -0.812 46.618 8.838 5.7969
-10.875 -0.750 46.619 8.928 7.5000
-10.875 -0.688 46.620 9.017 4.6523
-10.875 -0.625 46.621 9.106 8.5547
-10.875 -0.562 46.622 9.196 8.8906
-10.875 -0.500 46.622 9.285 7.8906
-10.875 -0.438 46.623 9.374 8.7188
-10.875 -0.375 46.624 9.464 11.1797
-10.875 -0.312 46.624 9.553 12.0430
-10.875 -0.250 46.624 9.643 17.5508
-10.875 -0.188 46.625 9.732 29.4805
-10.875 -0.125 46.625 9.821 12.1172
-10.875 -0.062 46.625 9.911 9.7383
-10.875 0.000 46.625 10.000 13.4883
-10.875 0.062 46.625 10.089 19.4531
-10.875 0.125 46.625 10.179 39.5234
-10.875 0.188 46.625 10.268 22.5469
-10.875 0.250 46.624 10.357 17.4492
-10.875 0.312 46.624 10.447 12.0664
-10.875 0.375 46.624 10.536 13.9688
-10.875 0.438 46.623 10.626 37.8438
-10.875 0.500 46.622 10.715 34.6445
-10.875 0.562 46.622 10.804 16.5703
-10.875 0.625 46.621 10.894 16.8594
-10.875 0.688 46.620 10.983 16.0781
-10.875 0.750 46.619 11.072 30.0039
-10.875 0.812 46.618 11.162 21.0273
-10.875 0.875 46.617 11.251 14.6953
-10.875 0.938 46.616 11.340 18.6602
-10.875 1.000 46.614 11.430 20.9023
-10.875 1.062 46.613 11.519 14.9062
-10.812 -1.188 46.673 8.300 15.5938
-10.812 -1.125 46.674 8.389 6.5117
-10.812 -1.062 46.676 8.479 4.3867
-10.812 -1.000 46.677 8.568 5.0391
-10.812 -0.938 46.678 8.658 6.9375
-10.812 -0.875 46.679 8.747 6.0703
-10.812 -0.812 46.681 8.837 5.7188
-10.812 -0.750 46.682 8.926 7.6445
-10.812 -0.688 46.683 9.016 5.2109
-10.812 -0.625 46.683 9.105 7.2148
-10.812 -0.562 46.684 9.195 4.6250
-10.812 -0.500 46.685 9.284 6.1523
-10.812 -0.438 46.685 9.374 6.5625
-10.812 -0.375 46.686 9.463 7.6992
-10.812 -0.312 46.686 9.553 9.1406
-10.812 -0.250 46.687 9.642 9.1523
-10.812 -0.188 46.687 9.732 10.9297
-10.812 -0.125 46.687 9.821 11.0781
-10.812 -0.062 46.687 9.911 8.8789
-10.812 0.000 46.688 10.000 5.7461
-10.812 0.062 46.687 10.089 13.0469
-10.812 0.125 46.687 10.179 23.2461
-10.812 0.188 46.687 10.268 11.5078
-10.812 0.250 46.687 10.358 11.7227
-10.812 0.312 46.686 10.447 10.7852
-10.812 0.375 46.686 10.537 11.9023
-10.812 0.438 46.685 10.626 23.0938
-10.812 0.500 46.685 10.716 52.4961
-10.812 0.562 46.684 10.805 20.4023
-10.812 0.625 46.683 10.895 28.8203
-10.812 0.688 46.683 10.984 30.4375
-10.812 0.750 46.682 11.074 30.6289
-10.812 0.812 46.681 11.163 18.2773
-10.812 0.875 46.679 11.253 25.1484
-10.812 0.938 46.678 11.342 20.0039
-10.812 1.000 46.677 11.432 23.3086
-10.812 1.062 46.676 11.521 25.5703
