-12.875 -1.188 44.611 8.374 273.5421
-12.875 -1.125 44.612 8.459 273.5245
-12.875 -1.063 44.614 8.545 273.6270
-12.875 -1.000 44.615 8.630 273.5382
-12.875 -0.938 44.616 8.716 272.9200
-12.875 -0.875 44.617 8.802 271.9776
-12.875 -0.813 44.618 8.887 272.1847
-12.875 -0.750 44.619 8.973 272.8634
-12.875 -0.688 44.620 9.058 272.2501
-12.875 -0.625 44.621 9.144 267.4395
-12.875 -0.563 44.622 9.230 265.1827
-12.875 -0.500 44.622 9.315 266.2472
-12.875 -0.438 44.623 9.401 266.8595
-12.875 -0.375 44.624 9.486 266.5343
-12.875 -0.313 44.624 9.572 266.7970
-12.875 -0.250 44.624 9.658 266.8849
-12.875 -0.188 44.625 9.743 266.7638
-12.875 -0.125 44.625 9.829 266.7813
-12.875 -0.063 44.625 9.914 267.6974
-12.875 0.000 44.625 10.000 268.4386
-12.875 0.063 44.625 10.086 268.1895
-12.875 0.125 44.625 10.171 267.7960
-12.875 0.188 44.625 10.257 268.1534
-12.875 0.250 44.624 10.342 268.7979
-12.875 0.313 44.624 10.428 269.0792
-12.875 0.375 44.624 10.514 269.2101
-12.875 0.438 44.623 10.599 269.1788
-12.875 0.500 44.622 10.685 269.3722
-12.875 0.563 44.622 10.770 269.8849
-12.875 0.625 44.621 10.856 270.4063
-12.875 0.688 44.620 10.942 270.7745
-12.875 0.750 44.619 11.027 271.1749
-12.875 0.813 44.618 11.113 271.2520
-12.875 0.875 44.617 11.198 271.0235
-12.875 0.938 44.616 11.284 270.8321
-12.875 1.000 44.615 11.370 270.5626
-12.875 1.063 44.614 11.455 270.2940
-12.813 -1.188 44.673 8.372 273.6651
-12.813 -1.125 44.675 8.457 273.8087
-12.813 -1.063 44.676 8.543 273.9444
-12.813 -1.000 44.677 8.629 273.8731
-12.813 -0.938 44.679 8.714 273.4200
-12.813 -0.875 44.680 8.800 273.0450
-12.813 -0.813 44.681 8.886 273.0782
-12.813 -0.750 44.682 8.971 273.3966
-12.813 -0.688 44.683 9.057 272.5743
-12.813 -0.625 44.684 9.143 268.7208
-12.813 -0.563 44.684 9.229 266.5948
-12.813 -0.500 44.685 9.314 267.4200
-12.813 -0.438 44.686 9.400 268.2638
-12.813 -0.375 44.686 9.486 267.8185
-12.813 -0.313 44.687 9.571 267.1993
-12.813 -0.250 44.687 9.657 266.8390
-12.813 -0.188 44.687 9.743 266.8448
-12.813 -0.125 44.687 9.829 267.0265
-12.813 -0.063 44.687 9.914 267.7306
-12.813 0.000 44.687 10.000 268.5528
-12.813 0.063 44.687 10.086 268.8028
-12.813 0.125 44.687 10.171 268.6681
-12.813 0.188 44.687 10.257 268.8507
-12.813 0.250 44.687 10.343 269.1280
-12.813 0.313 44.687 10.429 269.4024
-12.813 0.375 44.686 10.514 269.6446
-12.813 0.438 44.686 10.600 269.8966
-12.813 0.500 44.685 10.686 270.0782
-12.813 0.563 44.684 10.771 270.4825
-12.813 0.625 44.684 10.857 270.9893
-12.813 0.688 44.683 10.943 271.3692
-12.813 0.750 44.682 11.029 271.6095
-12.813 0.813 44.681 11.114 271.4845
-12.813 0.875 44.680 11.200 271.0763
-12.813 0.938 44.679 11.286 270.7647
-12.813 1.000 44.677 11.371 270.4913
-12.813 1.063 44.676 11.457 270.3009
-12.750 -1.188 44.736 8.369 273.8702
-12.750 -1.125 44.737 8.455 274.0255
-12.750 -1.063 44.739 8.541 274.0528
-12.750 -1.000 44.740 8.627 274.0704
-12.750 -0.938 44.741 8.713 273.7530
-12.750 -0.875 44.742 8.798 273.3800
-12.750 -0.813 44.743 8.884 273.2520
-12.750 -0.750 44.744 8.970 273.4874
-12.750 -0.688 44.745 9.056 273.2872
-12.750 -0.625 44.746 9.142 270.6837
-12.750 -0.563 44.747 9.228 268.1739
-12.750 -0.500 44.747 9.313 267.9044
-12.750 -0.438 44.748 9.399 268.8165
-12.750 -0.375 44.749 9.485 268.8097
-12.750 -0.313 44.749 9.571 268.0548
-12.750 -0.250 44.749 9.657 267.4933
-12.750 -0.188 44.750 9.742 267.7091
-12.750 -0.125 44.750 9.828 267.9200
-12.750 -0.063 44.750 9.914 268.2413
-12.750 0.000 44.750 10.000 268.7306
-12.750 0.063 44.750 10.086 269.1632
-12.750 0.125 44.750 10.172 269.2599
-12.750 0.188 44.750 10.258 269.4210
-12.750 0.250 44.749 10.343 269.5811
-12.750 0.313 44.749 10.429 269.7696
-12.750 0.375 44.749 10.515 269.9864
-12.750 0.438 44.748 10.601 270.3614
-12.750 0.500 44.747 10.687 270.7247
-12.750 0.563 44.747 10.772 271.1280
-12.750 0.625 44.746 10.858 271.4913
-12.750 0.688 44.745 10.944 271.7677
-12.750 0.750 44.744 11.030 271.8741
-12.750 0.813 44.743 11.116 271.6534
-12.750 0.875 44.742 11.202 271.1124
-12.750 0.938 44.741 11.287 270.6974
-12.750 1.000 44.740 11.373 270.3702
-12.750 1.063 44.739 11.459 270.2813
-12.688 -1.188 44.798 8.367 274.1544
-12.688 -1.125 44.800 8.453 274.1290
-12.688 -1.063 44.801 8.539 274.2833
-12.688 -1.000 44.802 8.625 274.2589
-12.688 -0.938 44.804 8.711 273.9063
-12.688 -0.875 44.805 8.797 273.5518
-12.688 -0.813 44.806 8.883 273.4337
-12.688 -0.750 44.807 8.969 273.5685
-12.688 -0.688 44.808 9.055 273.4581
-12.688 -0.625 44.809 9.141 272.1085
-12.688 -0.563 44.809 9.226 269.6280
-12.688 -0.500 44.810 9.312 268.6837
-12.688 -0.438 44.811 9.398 269.0685
-12.688 -0.375 44.811 9.484 269.5186
-12.688 -0.313 44.812 9.570 269.3741
-12.688 -0.250 44.812 9.656 268.8663
-12.688 -0.188 44.812 9.742 268.8087
-12.688 -0.125 44.812 9.828 268.9903
-12.688 -0.063 44.812 9.914 269.1905
-12.688 0.000 44.813 10.000 269.4093
-12.688 0.063 44.812 10.086 269.5011
-12.688 0.125 44.812 10.172 269.6388
-12.688 0.188 44.812 10.258 269.9405
-12.688 0.250 44.812 10.344 270.1085
-12.688 0.313 44.812 10.430 270.2950
-12.688 0.375 44.811 10.516 270.4620
-12.688 0.438 44.811 10.602 270.8517
-12.688 0.500 44.810 10.688 271.2032
-12.688 0.563 44.809 10.774 271.5421
-12.688 0.625 44.809 10.859 271.8136
-12.688 0.688 44.808 10.945 271.9737
-12.688 0.750 44.807 11.031 271.9698
-12.688 0.813 44.806 11.117 271.6983
-12.688 0.875 44.805 11.203 271.0938
-12.688 0.938 44.804 11.289 270.6222
-12.688 1.000 44.802 11.375 270.3341
-12.688 1.063 44.801 11.461 270.3692
-12.625 -1.188 44.861 8.365 274.1319
-12.625 -1.125 44.862 8.451 274.3038
-12.625 -1.063 44.864 8.537 274.3712
-12.625 -1.000 44.865 8.623 274.4278
-12.625 -0.938 44.866 8.709 274.2032
-12.625 -0.875 44.867 8.795 273.9356
-12.625 -0.813 44.868 8.881 273.7804
-12.625 -0.750 44.869 8.967 273.8224
-12.625 -0.688 44.870 9.053 273.6554
-12.625 -0.625 44.871 9.139 272.3497
-12.625 -0.563 44.872 9.225 270.2628
-12.625 -0.500 44.872 9.312 269.2833
-12.625 -0.438 44.873 9.398 269.2970
-12.625 -0.375 44.874 9.484 269.7569
-12.625 -0.313 44.874 9.570 269.9708
-12.625 -0.250 44.874 9.656 269.7843
-12.625 -0.188 44.875 9.742 269.7501
-12.625 -0.125 44.875 9.828 269.9347
-12.625 -0.063 44.875 9.914 270.1007
-12.625 0.000 44.875 10.000 270.0216
-12.625 0.063 44.875 10.086 269.9767
-12.625 0.125 44.875 10.172 270.2061
-12.625 0.188 44.875 10.258 270.5040
-12.625 0.250 44.874 10.344 270.7140
-12.625 0.313 44.874 10.430 270.8878
-12.625 0.375 44.874 10.516 271.1143
-12.625 0.438 44.873 10.602 271.3946
-12.625 0.500 44.872 10.688 271.6183
-12.625 0.563 44.872 10.775 271.7882
-12.625 0.625 44.871 10.861 271.9034
-12.625 0.688 44.870 10.947 271.9415
-12.625 0.750 44.869 11.033 271.8897
-12.625 0.813 44.868 11.119 271.5704
-12.625 0.875 44.867 11.205 270.9659
-12.625 0.938 44.866 11.291 270.5020
-12.625 1.000 44.865 11.377 270.3487
-12.625 1.063 44.864 11.463 270.5802
-12.563 -1.188 44.923 8.363 273.9220
-12.563 -1.125 44.925 8.449 274.0792
-12.563 -1.063 44.926 8.535 274.2159
-12.563 -1.000 44.927 8.621 274.3487
-12.563 -0.938 44.929 8.707 274.4083
-12.563 -0.875 44.930 8.794 274.3819
-12.563 -0.813 44.931 8.880 274.3224
-12.563 -0.750 44.932 8.966 274.2569
-12.563 -0.688 44.933 9.052 273.4034
-12.563 -0.625 44.934 9.138 272.0909
-12.563 -0.563 44.934 9.224 270.5577
-12.563 -0.500 44.935 9.311 269.9190
-12.563 -0.438 44.936 9.397 269.8761
-12.563 -0.375 44.936 9.483 270.2120
-12.563 -0.313 44.937 9.569 270.4444
-12.563 -0.250 44.937 9.655 270.4874
-12.563 -0.188 44.937 9.741 270.5548
-12.563 -0.125 44.937 9.828 270.6095
-12.563 -0.063 44.937 9.914 270.5323
-12.563 0.000 44.938 10.000 270.4981
-12.563 0.063 44.937 10.086 270.7013
-12.563 0.125 44.937 10.172 270.8946
-12.563 0.188 44.937 10.259 271.1368
-12.563 0.250 44.937 10.345 271.3643
-12.563 0.313 44.937 10.431 271.5821
-12.563 0.375 44.936 10.517 271.7589
-12.563 0.438 44.936 10.603 271.9483
-12.563 0.500 44.935 10.689 272.0060
-12.563 0.563 44.934 10.776 271.9415
-12.563 0.625 44.934 10.862 271.7794
-12.563 0.688 44.933 10.948 271.7091
-12.563 0.750 44.932 11.034 271.6270
-12.563 0.813 44.931 11.120 271.3624
-12.563 0.875 44.930 11.206 270.8390
-12.563 0.938 44.929 11.293 270.4464
-12.563 1.000 44.927 11.379 270.4679
-12.563 1.063 44.926 11.465 270.8702
-12.500 -1.188 44.986 8.361 273.4190
-12.500 -1.125 44.987 8.447 273.5802
-12.500 -1.063 44.989 8.533 273.8429
-12.500 -1.000 44.990 8.619 274.1251
-12.500 -0.938 44.991 8.706 274.2530
-12.500 -0.875 44.992 8.792 274.3536
-12.500 -0.813 44.993 8.878 274.2843
-12.500 -0.750 44.994 8.965 273.8351
-12.500 -0.688 44.995 9.051 273.1075
-12.500 -0.625 44.996 9.137 271.9142
-12.500 -0.563 44.997 9.223 270.9698
-12.500 -0.500 44.997 9.310 270.5548
-12.500 -0.438 44.998 9.396 270.6700
-12.500 -0.375 44.999 9.482 270.9669
-12.500 -0.313 44.999 9.569 270.9474
-12.500 -0.250 44.999 9.655 270.9102
-12.500 -0.188 45.000 9.741 270.9112
-12.500 -0.125 45.000 9.827 270.8546
-12.500 -0.063 45.000 9.914 270.7589
-12.500 0.000 45.000 10.000 270.8556
-12.500 0.063 45.000 10.086 271.0196
-12.500 0.125 45.000 10.173 271.2130
-12.500 0.188 45.000 10.259 271.4767
-12.500 0.250 44.999 10.345 271.7647
-12.500 0.313 44.999 10.431 272.0352
-12.500 0.375 44.999 10.518 272.1847
-12.500 0.438 44.998 10.604 272.3204
-12.500 0.500 44.997 10.690 272.1583
-12.500 0.563 44.997 10.777 271.9239
-12.500 0.625 44.996 10.863 271.5811
-12.500 0.688 44.995 10.949 271.3604
-12.500 0.750 44.994 11.035 271.2247
-12.500 0.813 44.993 11.122 271.0577
-12.500 0.875 44.992 11.208 270.7501
-12.500 0.938 44.991 11.294 270.5099
-12.500 1.000 44.990 11.381 270.7120
-12.500 1.063 44.989 11.467 271.1192
-12.438 -1.188 45.048 8.359 272.9679
-12.438 -1.125 45.050 8.445 273.1554
-12.438 -1.063 45.051 8.531 273.4630
-12.438 -1.000 45.052 8.618 273.7638
-12.438 -0.938 45.054 8.704 273.8429
-12.438 -0.875 45.055 8.790 273.7618
-12.438 -0.813 45.056 8.877 273.3751
-12.438 -0.750 45.057 8.963 272.8321
-12.438 -0.688 45.058 9.050 272.3878
-12.438 -0.625 45.059 9.136 271.8565
-12.438 -0.563 45.059 9.222 271.5255
-12.438 -0.500 45.060 9.309 271.3028
-12.438 -0.438 45.061 9.395 271.3038
-12.438 -0.375 45.061 9.482 271.2306
-12.438 -0.313 45.062 9.568 270.9845
-12.438 -0.250 45.062 9.654 270.9122
-12.438 -0.188 45.062 9.741 270.8858
-12.438 -0.125 45.062 9.827 270.8331
-12.438 -0.063 45.062 9.914 270.7647
-12.438 0.000 45.062 10.000 270.6856
-12.438 0.063 45.062 10.086 270.6134
-12.438 0.125 45.062 10.173 270.7110
-12.438 0.188 45.062 10.259 271.0606
-12.438 0.250 45.062 10.346 271.5685
-12.438 0.313 45.062 10.432 271.8868
-12.438 0.375 45.061 10.518 271.9952
-12.438 0.438 45.061 10.605 272.2774
-12.438 0.500 45.060 10.691 272.2696
-12.438 0.563 45.059 10.778 271.8985
-12.438 0.625 45.059 10.864 271.3311
-12.438 0.688 45.058 10.950 270.9835
-12.438 0.750 45.057 11.037 270.8185
-12.438 0.813 45.056 11.123 270.6915
-12.438 0.875 45.055 11.210 270.6134
-12.438 0.938 45.054 11.296 270.6466
-12.438 1.000 45.052 11.382 270.9415
-12.438 1.063 45.051 11.469 271.2794
-12.375 -1.188 45.111 8.356 272.7061
-12.375 -1.125 45.112 8.443 272.8448
-12.375 -1.063 45.113 8.529 273.0753
-12.375 -1.000 45.115 8.616 273.3438
-12.375 -0.938 45.116 8.702 273.3360
-12.375 -0.875 45.117 8.789 273.0821
-12.375 -0.813 45.118 8.875 272.5811
-12.375 -0.750 45.119 8.962 272.1671
-12.375 -0.688 45.120 9.048 271.9493
-12.375 -0.625 45.121 9.135 271.7335
-12.375 -0.563 45.122 9.221 271.5772
-12.375 -0.500 45.122 9.308 271.5479
-12.375 -0.438 45.123 9.394 271.3497
-12.375 -0.375 45.124 9.481 271.1017
-12.375 -0.313 45.124 9.567 270.9933
-12.375 -0.250 45.124 9.654 270.9054
-12.375 -0.188 45.125 9.740 270.7726
-12.375 -0.125 45.125 9.827 270.6202
-12.375 -0.063 45.125 9.913 270.3341
-12.375 0.000 45.125 10.000 270.0216
-12.375 0.063 45.125 10.087 269.8048
-12.375 0.125 45.125 10.173 269.8263
-12.375 0.188 45.125 10.260 270.1944
-12.375 0.250 45.124 10.346 270.8556
-12.375 0.313 45.124 10.433 271.3565
-12.375 0.375 45.124 10.519 271.6593
-12.375 0.438 45.123 10.606 272.0685
-12.375 0.500 45.122 10.692 272.1026
-12.375 0.563 45.122 10.779 271.6436
-12.375 0.625 45.121 10.865 271.0274
-12.375 0.688 45.120 10.952 270.6007
-12.375 0.750 45.119 11.038 270.4708
-12.375 0.813 45.118 11.125 270.4962
-12.375 0.875 45.117 11.211 270.5968
-12.375 0.938 45.116 11.298 270.8370
-12.375 1.000 45.115 11.384 271.1778
-12.375 1.063 45.113 11.471 271.4151
-12.313 -1.188 45.173 8.354 272.5362
-12.313 -1.125 45.175 8.441 272.6358
-12.313 -1.063 45.176 8.527 272.7540
-12.313 -1.000 45.177 8.614 272.8878
-12.313 -0.938 45.179 8.701 272.8165
-12.313 -0.875 45.180 8.787 272.6593
-12.313 -0.813 45.181 8.874 272.3888
-12.313 -0.750 45.182 8.960 272.0079
-12.313 -0.688 45.183 9.047 271.7999
-12.313 -0.625 45.184 9.134 271.6524
-12.313 -0.563 45.184 9.220 271.4962
-12.313 -0.500 45.185 9.307 271.3692
-12.313 -0.438 45.186 9.394 271.2052
-12.313 -0.375 45.186 9.480 271.0411
-12.313 -0.313 45.187 9.567 270.9376
-12.313 -0.250 45.187 9.653 270.7843
-12.313 -0.188 45.187 9.740 270.5099
-12.313 -0.125 45.187 9.827 270.1534
-12.313 -0.063 45.187 9.913 269.7579
-12.313 0.000 45.188 10.000 269.4610
-12.313 0.063 45.187 10.087 269.3194
-12.313 0.125 45.187 10.173 269.3565
-12.313 0.188 45.187 10.260 269.6290
-12.313 0.250 45.187 10.347 270.2706
-12.313 0.313 45.187 10.433 270.8800
-12.313 0.375 45.186 10.520 271.3409
-12.313 0.438 45.186 10.606 271.8360
-12.313 0.500 45.185 10.693 271.6993
-12.313 0.563 45.184 10.780 271.2862
-12.313 0.625 45.184 10.866 270.6895
-12.313 0.688 45.183 10.953 270.3341
-12.313 0.750 45.182 11.040 270.3692
-12.313 0.813 45.181 11.126 270.5665
-12.313 0.875 45.180 11.213 270.8263
-12.313 0.938 45.179 11.299 271.1261
-12.313 1.000 45.177 11.386 271.4483
-12.313 1.063 45.176 11.473 271.5987
-12.250 -1.188 45.236 8.352 272.3536
-12.250 -1.125 45.237 8.439 272.3507
-12.250 -1.063 45.238 8.525 272.3351
-12.250 -1.000 45.240 8.612 272.3839
-12.250 -0.938 45.241 8.699 272.3204
-12.250 -0.875 45.242 8.786 272.3243
-12.250 -0.813 45.243 8.872 272.3106
-12.250 -0.750 45.244 8.959 271.9171
-12.250 -0.688 45.245 9.046 271.7472
-12.250 -0.625 45.246 9.132 271.6466
-12.250 -0.563 45.247 9.219 271.4669
-12.250 -0.500 45.247 9.306 271.3145
-12.250 -0.438 45.248 9.393 271.1817
-12.250 -0.375 45.249 9.479 271.0470
-12.250 -0.313 45.249 9.566 270.8517
-12.250 -0.250 45.249 9.653 270.5968
-12.250 -0.188 45.250 9.740 270.2540
-12.250 -0.125 45.250 9.826 269.8321
-12.250 -0.063 45.250 9.913 269.5343
-12.250 0.000 45.250 10.000 269.4767
-12.250 0.063 45.250 10.087 269.5431
-12.250 0.125 45.250 10.174 269.6026
-12.250 0.188 45.250 10.260 269.7286
-12.250 0.250 45.249 10.347 270.1495
-12.250 0.313 45.249 10.434 270.7267
-12.250 0.375 45.249 10.521 271.1983
-12.250 0.438 45.248 10.607 271.5772
-12.250 0.500 45.247 10.694 271.5196
-12.250 0.563 45.247 10.781 271.1143
-12.250 0.625 45.246 10.868 270.5841
-12.250 0.688 45.245 10.954 270.3800
-12.250 0.750 45.244 11.041 270.6456
-12.250 0.813 45.243 11.128 271.0186
-12.250 0.875 45.242 11.214 271.3458
-12.250 0.938 45.241 11.301 271.5870
-12.250 1.000 45.240 11.388 271.6954
-12.250 1.063 45.238 11.475 271.7843
-12.188 -1.188 45.298 8.350 272.1056
-12.188 -1.125 45.300 8.437 271.9981
-12.188 -1.063 45.301 8.523 271.8917
-12.188 -1.000 45.302 8.610 271.9190
-12.188 -0.938 45.304 8.697 271.9063
-12.188 -0.875 45.305 8.784 271.9679
-12.188 -0.813 45.306 8.871 272.0851
-12.188 -0.750 45.307 8.958 271.9347
-12.188 -0.688 45.308 9.044 271.8702
-12.188 -0.625 45.309 9.131 271.6876
-12.188 -0.563 45.309 9.218 271.3888
-12.188 -0.500 45.310 9.305 271.2247
-12.188 -0.438 45.311 9.392 271.1261
-12.188 -0.375 45.311 9.479 270.9796
-12.188 -0.313 45.312 9.566 270.6964
-12.188 -0.250 45.312 9.653 270.4054
-12.188 -0.188 45.312 9.739 270.0655
-12.188 -0.125 45.312 9.826 269.7306
-12.188 -0.063 45.312 9.913 269.6212
-12.188 0.000 45.313 10.000 269.8106
-12.188 0.063 45.312 10.087 270.0167
-12.188 0.125 45.312 10.174 270.0909
-12.188 0.188 45.312 10.261 270.1261
-12.188 0.250 45.312 10.347 270.3731
-12.188 0.313 45.312 10.434 270.8683
-12.188 0.375 45.311 10.521 271.2872
-12.188 0.438 45.311 10.608 271.4923
-12.188 0.500 45.310 10.695 271.4493
-12.188 0.563 45.309 10.782 271.2647
-12.188 0.625 45.309 10.869 271.0597
-12.188 0.688 45.308 10.956 271.1124
-12.188 0.750 45.307 11.042 271.4288
-12.188 0.813 45.306 11.129 271.7364
-12.188 0.875 45.305 11.216 272.0040
-12.188 0.938 45.304 11.303 272.0938
-12.188 1.000 45.302 11.390 272.0196
-12.188 1.063 45.301 11.477 272.0050
-12.125 -1.188 45.361 8.348 271.9190
-12.125 -1.125 45.362 8.434 271.8565
-12.125 -1.063 45.363 8.521 271.5333
-12.125 -1.000 45.365 8.608 271.5558
-12.125 -0.938 45.366 8.695 271.5431
-12.125 -0.875 45.367 8.782 271.6280
-12.125 -0.813 45.368 8.869 271.6143
-12.125 -0.750 45.369 8.956 271.7042
-12.125 -0.688 45.370 9.043 271.6485
-12.125 -0.625 45.371 9.130 271.6134
-12.125 -0.563 45.372 9.217 271.3302
-12.125 -0.500 45.372 9.304 270.9747
-12.125 -0.438 45.373 9.391 270.8429
-12.125 -0.375 45.374 9.478 270.7130
-12.125 -0.313 45.374 9.565 270.4552
-12.125 -0.250 45.374 9.652 270.2667
-12.125 -0.188 45.375 9.739 269.9640
-12.125 -0.125 45.375 9.826 269.7306
-12.125 -0.063 45.375 9.913 269.7569
-12.125 0.000 45.375 10.000 270.0147
-12.125 0.063 45.375 10.087 270.2569
-12.125 0.125 45.375 10.174 270.3790
-12.125 0.188 45.375 10.261 270.4991
-12.125 0.250 45.374 10.348 270.7247
-12.125 0.313 45.374 10.435 271.0948
-12.125 0.375 45.374 10.522 271.4542
-12.125 0.438 45.373 10.609 271.6651
-12.125 0.500 45.372 10.696 271.7032
-12.125 0.563 45.372 10.783 271.6056
-12.125 0.625 45.371 10.870 271.6710
-12.125 0.688 45.370 10.957 271.8438
-12.125 0.750 45.369 11.044 271.9737
-12.125 0.813 45.368 11.131 272.1495
-12.125 0.875 45.367 11.218 272.1593
-12.125 0.938 45.366 11.305 272.2960
-12.125 1.000 45.365 11.392 272.1681
-12.125 1.063 45.363 11.479 272.0558
-12.063 -1.188 45.423 8.345 271.8477
-12.063 -1.125 45.425 8.432 271.6476
-12.063 -1.063 45.426 8.519 271.4640
-12.063 -1.000 45.427 8.607 271.3175
-12.063 -0.938 45.428 8.694 271.3067
-12.063 -0.875 45.430 8.781 271.2491
-12.063 -0.813 45.431 8.868 271.3331
-12.063 -0.750 45.432 8.955 271.3966
-12.063 -0.688 45.433 9.042 271.4503
-12.063 -0.625 45.433 9.129 271.5343
-12.063 -0.563 45.434 9.216 271.3126
-12.063 -0.500 45.435 9.303 270.7296
-12.063 -0.438 45.436 9.390 270.4425
-12.063 -0.375 45.436 9.477 270.2745
-12.063 -0.313 45.436 9.564 270.1622
-12.063 -0.250 45.437 9.652 270.0792
-12.063 -0.188 45.437 9.739 269.8956
-12.063 -0.125 45.437 9.826 269.7159
-12.063 -0.063 45.437 9.913 269.7374
-12.063 0.000 45.438 10.000 269.9542
-12.063 0.063 45.437 10.087 270.1993
-12.063 0.125 45.437 10.174 270.4435
-12.063 0.188 45.437 10.261 270.7091
-12.063 0.250 45.437 10.348 270.9972
-12.063 0.313 45.436 10.436 271.2227
-12.063 0.375 45.436 10.523 271.5323
-12.063 0.438 45.436 10.610 271.9278
-12.063 0.500 45.435 10.697 272.1456
-12.063 0.563 45.434 10.784 272.1036
-12.063 0.625 45.433 10.871 272.1632
-12.063 0.688 45.433 10.958 272.2042
-12.063 0.750 45.432 11.045 272.2237
-12.063 0.813 45.431 11.132 272.2042
-12.063 0.875 45.430 11.219 272.1241
-12.063 0.938 45.428 11.306 272.0665
-12.063 1.000 45.427 11.393 272.1349
-12.063 1.063 45.426 11.481 271.8380
-12.000 -1.188 45.486 8.343 271.7140
-12.000 -1.125 45.487 8.430 271.5372
-12.000 -1.063 45.488 8.517 271.3331
-12.000 -1.000 45.490 8.605 271.1895
-12.000 -0.938 45.491 8.692 271.1524
-12.000 -0.875 45.492 8.779 271.0714
-12.000 -0.813 45.493 8.866 271.1886
-12.000 -0.750 45.494 8.953 271.2198
-12.000 -0.688 45.495 9.041 271.3556
-12.000 -0.625 45.496 9.128 271.4542
-12.000 -0.563 45.497 9.215 271.2462
-12.000 -0.500 45.497 9.302 270.5811
-12.000 -0.438 45.498 9.389 270.1436
-12.000 -0.375 45.499 9.477 269.9571
-12.000 -0.313 45.499 9.564 269.8858
-12.000 -0.250 45.499 9.651 269.9327
-12.000 -0.188 45.500 9.738 269.8106
-12.000 -0.125 45.500 9.826 269.6700
-12.000 -0.063 45.500 9.913 269.6143
-12.000 0.000 45.500 10.000 269.7560
-12.000 0.063 45.500 10.087 270.0538
-12.000 0.125 45.500 10.174 270.3888
-12.000 0.188 45.500 10.262 270.6339
-12.000 0.250 45.499 10.349 270.8546
-12.000 0.313 45.499 10.436 271.1583
-12.000 0.375 45.499 10.523 271.7540
-12.000 0.438 45.498 10.611 272.5450
-12.000 0.500 45.497 10.698 272.6983
-12.000 0.563 45.497 10.785 272.3038
-12.000 0.625 45.496 10.872 272.2511
-12.000 0.688 45.495 10.959 272.0382
-12.000 0.750 45.494 11.047 271.8634
-12.000 0.813 45.493 11.134 271.6798
-12.000 0.875 45.492 11.221 271.5821
-12.000 0.938 45.491 11.308 271.7882
-12.000 1.000 45.490 11.395 272.0890
-12.000 1.063 45.488 11.483 271.7901
-11.938 -1.188 45.548 8.341 271.5606
-11.938 -1.125 45.549 8.428 271.4620
-11.938 -1.063 45.551 8.515 271.1856
-11.938 -1.000 45.552 8.603 271.2003
-11.938 -0.938 45.553 8.690 271.1329
-11.938 -0.875 45.555 8.777 271.1759
-11.938 -0.813 45.556 8.865 271.1075
-11.938 -0.750 45.557 8.952 271.1124
-11.938 -0.688 45.558 9.039 271.2032
-11.938 -0.625 45.558 9.127 271.2081
-11.938 -0.563 45.559 9.214 270.9747
-11.938 -0.500 45.560 9.301 270.4083
-11.938 -0.438 45.561 9.389 269.9776
-11.938 -0.375 45.561 9.476 269.8155
-11.938 -0.313 45.561 9.563 269.7423
-11.938 -0.250 45.562 9.651 269.7374
-11.938 -0.188 45.562 9.738 269.6339
-11.938 -0.125 45.562 9.825 269.5265
-11.938 -0.063 45.562 9.913 269.4366
-11.938 0.000 45.563 10.000 269.4493
-11.938 0.063 45.562 10.087 269.7413
-11.938 0.125 45.562 10.175 269.9825
-11.938 0.188 45.562 10.262 269.8038
-11.938 0.250 45.562 10.349 269.8976
-11.938 0.313 45.561 10.437 270.8185
-11.938 0.375 45.561 10.524 272.0450
-11.938 0.438 45.561 10.611 272.9181
-11.938 0.500 45.560 10.699 272.8292
-11.938 0.563 45.559 10.786 272.0108
-11.938 0.625 45.558 10.873 271.7091
-11.938 0.688 45.558 10.961 271.7599
-11.938 0.750 45.557 11.048 271.3097
-11.938 0.813 45.556 11.135 271.3087
-11.938 0.875 45.555 11.223 271.5440
-11.938 0.938 45.553 11.310 271.8438
-11.938 1.000 45.552 11.397 272.0372
-11.938 1.063 45.551 11.485 271.6622
-11.875 -1.188 45.610 8.339 271.0919
-11.875 -1.125 45.612 8.426 271.2423
-11.875 -1.063 45.613 8.513 271.2804
-11.875 -1.000 45.615 8.601 271.2022
-11.875 -0.938 45.616 8.688 271.1505
-11.875 -0.875 45.617 8.776 271.1456
-11.875 -0.813 45.618 8.863 271.0216
-11.875 -0.750 45.619 8.951 270.9200
-11.875 -0.688 45.620 9.038 270.8839
-11.875 -0.625 45.621 9.125 270.8243
-11.875 -0.563 45.622 9.213 270.6778
-11.875 -0.500 45.622 9.300 270.2823
-11.875 -0.438 45.623 9.388 269.9425
-11.875 -0.375 45.624 9.475 269.8097
-11.875 -0.313 45.624 9.563 269.7061
-11.875 -0.250 45.624 9.650 269.5626
-11.875 -0.188 45.625 9.738 269.3253
-11.875 -0.125 45.625 9.825 269.1261
-11.875 -0.063 45.625 9.913 268.9786
-11.875 0.000 45.625 10.000 268.8858
-11.875 0.063 45.625 10.087 268.9308
-11.875 0.125 45.625 10.175 269.0997
-11.875 0.188 45.625 10.262 268.9532
-11.875 0.250 45.624 10.350 269.0352
-11.875 0.313 45.624 10.437 269.8683
-11.875 0.375 45.624 10.525 271.3243
-11.875 0.438 45.623 10.612 272.3116
-11.875 0.500 45.622 10.700 271.0606
-11.875 0.563 45.622 10.787 269.2364
-11.875 0.625 45.621 10.875 268.1202
-11.875 0.688 45.620 10.962 266.9268
-11.875 0.750 45.619 11.049 265.2872
-11.875 0.813 45.618 11.137 265.4727
-11.875 0.875 45.617 11.224 269.8663
-11.875 0.938 45.616 11.312 271.5851
-11.875 1.000 45.615 11.399 271.2989
-11.875 1.063 45.613 11.487 270.8741
-11.813 -1.188 45.673 8.336 270.8351
-11.813 -1.125 45.674 8.424 271.1290
-11.813 -1.063 45.676 8.511 271.1505
-11.813 -1.000 45.677 8.599 271.0440
-11.813 -0.938 45.678 8.687 270.9181
-11.813 -0.875 45.680 8.774 270.8790
-11.813 -0.813 45.681 8.862 270.7911
-11.813 -0.750 45.682 8.949 270.6388
-11.813 -0.688 45.683 9.037 270.6671
-11.813 -0.625 45.683 9.124 270.6886
-11.813 -0.563 45.684 9.212 270.6251
-11.813 -0.500 45.685 9.299 270.3370
-11.813 -0.438 45.686 9.387 270.0899
-11.813 -0.375 45.686 9.475 269.9122
-11.813 -0.313 45.686 9.562 269.7247
-11.813 -0.250 45.687 9.650 269.4015
-11.813 -0.188 45.687 9.737 269.0352
-11.813 -0.125 45.687 9.825 268.5060
-11.813 -0.063 45.687 9.912 268.1729
-11.813 0.000 45.687 10.000 268.2706
-11.813 0.063 45.687 10.088 268.4581
-11.813 0.125 45.687 10.175 268.2335
-11.813 0.188 45.687 10.263 268.1925
-11.813 0.250 45.687 10.350 268.4181
-11.813 0.313 45.686 10.438 268.7335
-11.813 0.375 45.686 10.525 268.8468
-11.813 0.438 45.686 10.613 268.4249
-11.813 0.500 45.685 10.701 267.1798
-11.813 0.563 45.684 10.788 264.7442
-11.813 0.625 45.683 10.876 262.7696
-11.813 0.688 45.683 10.963 261.0352
-11.813 0.750 45.682 11.051 262.4288
-11.813 0.813 45.681 11.138 263.1749
-11.813 0.875 45.680 11.226 266.2599
-11.813 0.938 45.678 11.313 271.2013
-11.813 1.000 45.677 11.401 270.3546
-11.813 1.063 45.676 11.489 269.2667
-11.750 -1.188 45.735 8.334 270.6798
-11.750 -1.125 45.737 8.422 270.8526
-11.750 -1.063 45.738 8.509 270.8673
-11.750 -1.000 45.740 8.597 270.8956
-11.750 -0.938 45.741 8.685 270.8272
-11.750 -0.875 45.742 8.772 270.5323
-11.750 -0.813 45.743 8.860 270.3438
-11.750 -0.750 45.744 8.948 270.1212
-11.750 -0.688 45.745 9.035 270.2940
-11.750 -0.625 45.746 9.123 270.1935
-11.750 -0.563 45.747 9.211 270.1661
-11.750 -0.500 45.747 9.298 270.1749
-11.750 -0.438 45.748 9.386 270.0372
-11.750 -0.375 45.749 9.474 269.9356
-11.750 -0.313 45.749 9.562 269.7638
-11.750 -0.250 45.749 9.649 269.6026
-11.750 -0.188 45.750 9.737 269.1886
-11.750 -0.125 45.750 9.825 268.5567
-11.750 -0.063 45.750 9.912 268.1183
-11.750 0.000 45.750 10.000 268.1378
-11.750 0.063 45.750 10.088 268.1759
-11.750 0.125 45.750 10.175 267.8614
-11.750 0.188 45.750 10.263 267.5216
-11.750 0.250 45.749 10.351 267.9327
-11.750 0.313 45.749 10.438 268.0899
-11.750 0.375 45.749 10.526 267.2794
-11.750 0.438 45.748 10.614 266.2315
-11.750 0.500 45.747 10.702 265.0284
-11.750 0.563 45.747 10.789 265.5567
-11.750 0.625 45.746 10.877 263.8048
-11.750 0.688 45.745 10.965 263.5411
-11.750 0.750 45.744 11.052 264.3976
-11.750 0.813 45.743 11.140 263.5030
-11.750 0.875 45.742 11.228 262.6915
-11.750 0.938 45.741 11.315 269.6143
-11.750 1.000 45.740 11.403 268.8517
-11.750 1.063 45.738 11.491 267.2911
-11.688 -1.188 45.798 8.332 270.2940
-11.688 -1.125 45.799 8.420 270.5538
-11.688 -1.063 45.801 8.507 270.7569
-11.688 -1.000 45.802 8.595 270.8712
-11.688 -0.938 45.803 8.683 270.5548
-11.688 -0.875 45.805 8.771 269.9952
-11.688 -0.813 45.806 8.859 269.6095
-11.688 -0.750 45.807 8.946 269.5518
-11.688 -0.688 45.808 9.034 269.4571
-11.688 -0.625 45.808 9.122 269.3800
-11.688 -0.563 45.809 9.210 269.3790
-11.688 -0.500 45.810 9.298 269.5606
-11.688 -0.438 45.811 9.385 269.7140
-11.688 -0.375 45.811 9.473 269.6524
-11.688 -0.313 45.811 9.561 269.4200
-11.688 -0.250 45.812 9.649 269.0870
-11.688 -0.188 45.812 9.737 268.5538
-11.688 -0.125 45.812 9.824 267.9962
-11.688 -0.063 45.812 9.912 267.5899
-11.688 0.000 45.812 10.000 267.4952
-11.688 0.063 45.812 10.088 267.7159
-11.688 0.125 45.812 10.176 267.5743
-11.688 0.188 45.812 10.263 265.5724
-11.688 0.250 45.812 10.351 265.3595
-11.688 0.313 45.811 10.439 267.3214
-11.688 0.375 45.811 10.527 266.9952
-11.688 0.438 45.811 10.615 265.1788
-11.688 0.500 45.810 10.702 265.3731
-11.688 0.563 45.809 10.790 265.9776
-11.688 0.625 45.808 10.878 266.4737
-11.688 0.688 45.808 10.966 266.2306
-11.688 0.750 45.807 11.054 265.0235
-11.688 0.813 45.806 11.141 263.8468
-11.688 0.875 45.805 11.229 263.5997
-11.688 0.938 45.803 11.317 265.2667
-11.688 1.000 45.802 11.405 268.5128
-11.688 1.063 45.801 11.493 268.5352
-11.625 -1.188 45.860 8.330 268.8673
-11.625 -1.125 45.862 8.418 270.5938
-11.625 -1.063 45.863 8.505 270.9903
-11.625 -1.000 45.865 8.593 270.7677
-11.625 -0.938 45.866 8.681 270.2638
-11.625 -0.875 45.867 8.769 269.5372
-11.625 -0.813 45.868 8.857 269.1866
-11.625 -0.750 45.869 8.945 268.9933
-11.625 -0.688 45.870 9.033 268.6856
-11.625 -0.625 45.871 9.121 268.4327
-11.625 -0.563 45.872 9.209 268.5899
-11.625 -0.500 45.872 9.297 268.9864
-11.625 -0.438 45.873 9.385 269.3272
-11.625 -0.375 45.874 9.472 269.1642
-11.625 -0.313 45.874 9.560 269.0343
-11.625 -0.250 45.874 9.648 268.8009
-11.625 -0.188 45.875 9.736 268.2472
-11.625 -0.125 45.875 9.824 267.7540
-11.625 -0.063 45.875 9.912 267.5294
-11.625 0.000 45.875 10.000 267.4278
-11.625 0.063 45.875 10.088 267.7169
-11.625 0.125 45.875 10.176 267.7227
-11.625 0.188 45.875 10.264 266.0382
-11.625 0.250 45.874 10.352 261.7169
-11.625 0.313 45.874 10.440 262.0167
-11.625 0.375 45.874 10.528 266.3663
-11.625 0.438 45.873 10.615 265.2657
-11.625 0.500 45.872 10.703 264.3956
-11.625 0.563 45.872 10.791 265.5489
-11.625 0.625 45.871 10.879 266.9884
-11.625 0.688 45.870 10.967 266.7403
-11.625 0.750 45.869 11.055 264.3380
-11.625 0.813 45.868 11.143 264.1954
-11.625 0.875 45.867 11.231 263.9435
-11.625 0.938 45.866 11.319 265.6456
-11.625 1.000 45.865 11.407 264.5772
-11.625 1.063 45.863 11.495 264.5323
-11.563 -1.188 45.923 8.327 269.2013
-11.563 -1.125 45.924 8.415 270.8282
-11.563 -1.063 45.926 8.503 270.6729
-11.563 -1.000 45.927 8.591 269.4737
-11.563 -0.938 45.928 8.679 269.5001
-11.563 -0.875 45.930 8.767 269.3897
-11.563 -0.813 45.931 8.855 269.2296
-11.563 -0.750 45.932 8.944 268.8643
-11.563 -0.688 45.933 9.032 268.5274
-11.563 -0.625 45.933 9.120 268.3604
-11.563 -0.563 45.934 9.208 268.4552
-11.563 -0.500 45.935 9.296 268.2618
-11.563 -0.438 45.936 9.384 267.9893
-11.563 -0.375 45.936 9.472 267.2120
-11.563 -0.313 45.936 9.560 267.6983
-11.563 -0.250 45.937 9.648 268.2804
-11.563 -0.188 45.937 9.736 267.8419
-11.563 -0.125 45.937 9.824 267.1368
-11.563 -0.063 45.937 9.912 267.5811
-11.563 0.000 45.938 10.000 267.7296
-11.563 0.063 45.937 10.088 267.5977
-11.563 0.125 45.937 10.176 267.2911
-11.563 0.188 45.937 10.264 265.8643
-11.563 0.250 45.937 10.352 264.3282
-11.563 0.313 45.936 10.440 258.9679
-11.563 0.375 45.936 10.528 261.1720
-11.563 0.438 45.936 10.616 264.0479
-11.563 0.500 45.935 10.704 264.3370
-11.563 0.563 45.934 10.792 265.9972
-11.563 0.625 45.933 10.880 266.5138
-11.563 0.688 45.933 10.968 266.0079
-11.563 0.750 45.932 11.056 263.3165
-11.563 0.813 45.931 11.145 260.9005
-11.563 0.875 45.930 11.233 263.2921
-11.563 0.938 45.928 11.321 265.1632
-11.563 1.000 45.927 11.409 264.0811
-11.563 1.063 45.926 11.497 262.7325
-11.500 -1.188 45.985 8.325 268.7970
-11.500 -1.125 45.987 8.413 270.4581
-11.500 -1.063 45.988 8.501 270.3097
-11.500 -1.000 45.990 8.590 269.7599
-11.500 -0.938 45.991 8.678 268.8751
-11.500 -0.875 45.992 8.766 269.0479
-11.500 -0.813 45.993 8.854 269.0118
-11.500 -0.750 45.994 8.942 269.1436
-11.500 -0.688 45.995 9.030 269.0362
-11.500 -0.625 45.996 9.118 268.9962
-11.500 -0.563 45.997 9.207 269.1466
-11.500 -0.500 45.997 9.295 268.5450
-11.500 -0.438 45.998 9.383 267.8321
-11.500 -0.375 45.999 9.471 264.8634
-11.500 -0.313 45.999 9.559 264.7833
-11.500 -0.250 45.999 9.647 265.5987
-11.500 -0.188 46.000 9.736 265.0138
-11.500 -0.125 46.000 9.824 260.3341
-11.500 -0.063 46.000 9.912 261.8390
-11.500 0.000 46.000 10.000 263.4854
-11.500 0.063 46.000 10.088 263.8800
-11.500 0.125 46.000 10.176 265.5851
-11.500 0.188 46.000 10.264 265.3526
-11.500 0.250 45.999 10.353 264.7794
-11.500 0.313 45.999 10.441 256.7130
-11.500 0.375 45.999 10.529 260.5665
-11.500 0.438 45.998 10.617 254.6251
-11.500 0.500 45.997 10.705 257.6495
-11.500 0.563 45.997 10.793 266.2364
-11.500 0.625 45.996 10.882 266.0860
-11.500 0.688 45.995 10.970 265.0919
-11.500 0.750 45.994 11.058 263.9288
-11.500 0.813 45.993 11.146 263.7071
-11.500 0.875 45.992 11.234 266.0518
-11.500 0.938 45.991 11.322 266.2101
-11.500 1.000 45.990 11.410 265.4356
-11.500 1.063 45.988 11.499 263.9454
-11.438 -1.188 46.048 8.323 269.7472
-11.438 -1.125 46.049 8.411 269.9561
-11.438 -1.063 46.051 8.499 269.5987
-11.438 -1.000 46.052 8.588 269.8800
-11.438 -0.938 46.053 8.676 269.6964
-11.438 -0.875 46.055 8.764 268.9893
-11.438 -0.813 46.056 8.852 269.0528
-11.438 -0.750 46.057 8.941 269.5987
-11.438 -0.688 46.058 9.029 269.7735
-11.438 -0.625 46.058 9.117 269.8731
-11.438 -0.563 46.059 9.205 270.0929
-11.438 -0.500 46.060 9.294 269.5929
-11.438 -0.438 46.061 9.382 267.9073
-11.438 -0.375 46.061 9.470 265.8995
-11.438 -0.313 46.061 9.559 260.7696
-11.438 -0.250 46.062 9.647 264.8028
-11.438 -0.188 46.062 9.735 263.6739
-11.438 -0.125 46.062 9.823 257.2579
-11.438 -0.063 46.062 9.912 255.9630
-11.438 0.000 46.062 10.000 261.5880
-11.438 0.063 46.062 10.088 259.6554
-11.438 0.125 46.062 10.177 260.3673
-11.438 0.188 46.062 10.265 264.6837
-11.438 0.250 46.062 10.353 264.7940
-11.438 0.313 46.061 10.441 257.3858
-11.438 0.375 46.061 10.530 254.9171
-11.438 0.438 46.061 10.618 251.5968
-11.438 0.500 46.060 10.706 256.5645
-11.438 0.563 46.059 10.795 266.9356
-11.438 0.625 46.058 10.883 267.1143
-11.438 0.688 46.058 10.971 264.0001
-11.438 0.750 46.057 11.059 264.6544
-11.438 0.813 46.056 11.148 266.3282
-11.438 0.875 46.055 11.236 266.0235
-11.438 0.938 46.053 11.324 264.1573
-11.438 1.000 46.052 11.412 266.2013
-11.375 -1.188 46.110 8.321 270.3399
-11.375 -1.125 46.112 8.409 269.4649
-11.375 -1.063 46.113 8.497 268.2550
-11.375 -1.000 46.115 8.586 270.3985
-11.375 -0.938 46.116 8.674 270.3126
-11.375 -0.875 46.117 8.762 269.3243
-11.375 -0.813 46.118 8.851 269.8399
-11.375 -0.750 46.119 8.939 270.1964
-11.375 -0.688 46.120 9.028 269.7120
-11.375 -0.625 46.121 9.116 267.8106
-11.375 -0.563 46.122 9.204 269.4601
-11.375 -0.500 46.122 9.293 269.8448
-11.375 -0.438 46.123 9.381 269.3536
-11.375 -0.375 46.124 9.470 266.5528
-11.375 -0.313 46.124 9.558 266.1241
-11.375 -0.250 46.124 9.646 265.4181
-11.375 -0.188 46.125 9.735 266.5079
-11.375 -0.125 46.125 9.823 262.8936
-11.375 -0.063 46.125 9.912 259.4347
-11.375 0.000 46.125 10.000 264.4718
-11.375 0.063 46.125 10.088 259.1622
-11.375 0.125 46.125 10.177 261.8692
-11.375 0.188 46.125 10.265 263.0792
-11.375 0.250 46.124 10.354 265.6300
-11.375 0.313 46.124 10.442 260.0948
-11.375 0.375 46.124 10.530 255.2169
-11.375 0.438 46.123 10.619 255.4132
-11.375 0.500 46.122 10.707 260.6202
-11.375 0.563 46.122 10.796 265.6417
-11.375 0.625 46.121 10.884 262.6407
-11.375 0.688 46.120 10.972 263.3311
-11.375 0.750 46.119 11.061 265.1329
-11.375 0.813 46.118 11.149 266.8624
-11.375 0.875 46.117 11.238 264.3712
-11.375 0.938 46.116 11.326 263.0851
-11.375 1.000 46.115 11.414 263.6954
-11.313 -1.188 46.173 8.318 271.0138
-11.313 -1.125 46.174 8.407 269.0167
-11.313 -1.063 46.176 8.495 268.4532
-11.313 -1.000 46.177 8.584 270.3770
-11.313 -0.938 46.178 8.672 271.0792
-11.313 -0.875 46.180 8.761 270.7520
-11.313 -0.813 46.181 8.849 270.6173
-11.313 -0.750 46.182 8.938 270.6407
-11.313 -0.688 46.183 9.026 269.8692
-11.313 -0.625 46.183 9.115 268.4337
-11.313 -0.563 46.184 9.203 267.8341
-11.313 -0.500 46.185 9.292 270.3800
-11.313 -0.438 46.186 9.380 269.7540
-11.313 -0.375 46.186 9.469 267.9581
-11.313 -0.313 46.186 9.557 267.7667
-11.313 -0.250 46.187 9.646 268.1456
-11.313 -0.188 46.187 9.734 266.4581
-11.313 -0.125 46.187 9.823 265.2735
-11.313 -0.063 46.187 9.911 264.2052
-11.313 0.000 46.187 10.000 265.3751
-11.313 0.063 46.187 10.089 264.6993
-11.313 0.125 46.187 10.177 262.1202
-11.313 0.188 46.187 10.266 263.8185
-11.313 0.250 46.187 10.354 263.6612
-11.313 0.313 46.186 10.443 259.8546
-11.313 0.375 46.186 10.531 254.6339
-11.313 0.438 46.186 10.620 257.4815
-11.313 0.500 46.185 10.708 260.2755
-11.313 0.563 46.184 10.797 260.0724
-11.313 0.625 46.183 10.885 257.2530
-11.313 0.688 46.183 10.974 260.8360
-11.313 0.750 46.182 11.062 264.5685
-11.313 0.813 46.181 11.151 266.5821
-11.313 0.875 46.180 11.239 264.0479
-11.313 0.938 46.178 11.328 261.8819
-11.313 1.000 46.177 11.416 259.6856
-11.250 -1.188 46.235 8.316 271.7823
-11.250 -1.125 46.237 8.405 268.0733
-11.250 -1.063 46.238 8.493 267.4942
-11.250 -1.000 46.240 8.582 269.8018
-11.250 -0.938 46.241 8.670 271.1261
-11.250 -0.875 46.242 8.759 271.1495
-11.250 -0.813 46.243 8.848 270.0186
-11.250 -0.750 46.244 8.936 270.1407
-11.250 -0.688 46.245 9.025 270.4063
-11.250 -0.625 46.246 9.114 270.4854
-11.250 -0.563 46.247 9.202 266.8028
-11.250 -0.500 46.247 9.291 267.0577
-11.250 -0.438 46.248 9.380 269.1065
-11.250 -0.375 46.249 9.468 268.1143
-11.250 -0.313 46.249 9.557 263.9688
-11.250 -0.250 46.249 9.645 264.1231
-11.250 -0.188 46.250 9.734 263.3722
-11.250 -0.125 46.250 9.823 262.7179
-11.250 -0.063 46.250 9.911 262.0401
-11.250 0.000 46.250 10.000 262.1876
-11.250 0.063 46.250 10.089 262.4288
-11.250 0.125 46.250 10.177 264.9366
-11.250 0.188 46.250 10.266 263.9483
-11.250 0.250 46.249 10.355 262.1876
-11.250 0.313 46.249 10.443 260.2794
-11.250 0.375 46.249 10.532 256.3819
-11.250 0.438 46.248 10.620 257.8458
-11.250 0.500 46.247 10.709 257.0040
-11.250 0.563 46.247 10.798 254.7227
-11.250 0.625 46.246 10.886 253.5294
-11.250 0.688 46.245 10.975 259.0733
-11.250 0.750 46.244 11.064 263.7032
-11.250 0.813 46.243 11.152 266.0069
-11.250 0.875 46.242 11.241 264.6964
-11.250 0.938 46.241 11.330 259.7647
-11.250 1.000 46.240 11.418 261.4513
-11.188 -1.188 46.298 8.314 268.6358
-11.188 -1.125 46.299 8.403 268.7149
-11.188 -1.063 46.301 8.491 267.7052
-11.188 -1.000 46.302 8.580 268.9835
-11.188 -0.938 46.303 8.669 270.2208
-11.188 -0.875 46.304 8.757 268.8966
-11.188 -0.813 46.306 8.846 267.9347
-11.188 -0.750 46.307 8.935 269.1866
-11.188 -0.688 46.308 9.024 271.0196
-11.188 -0.625 46.308 9.112 270.4503
-11.188 -0.563 46.309 9.201 265.8946
-11.188 -0.500 46.310 9.290 264.9581
-11.188 -0.438 46.310 9.379 268.7852
-11.188 -0.375 46.311 9.467 267.4044
-11.188 -0.313 46.311 9.556 261.9200
-11.188 -0.250 46.312 9.645 259.7579
-11.188 -0.188 46.312 9.734 259.7647
-11.188 -0.125 46.312 9.822 260.8145
-11.188 -0.063 46.312 9.911 260.8311
-11.188 0.000 46.312 10.000 260.1173
-11.188 0.063 46.312 10.089 261.6046
-11.188 0.125 46.312 10.178 261.9112
-11.188 0.188 46.312 10.266 262.4952
-11.188 0.250 46.312 10.355 261.3634
-11.188 0.313 46.311 10.444 259.1856
-11.188 0.375 46.311 10.533 258.5645
-11.188 0.438 46.310 10.621 258.9356
-11.188 0.500 46.310 10.710 257.9757
-11.188 0.563 46.309 10.799 256.2257
-11.188 0.625 46.308 10.888 254.8331
-11.188 0.688 46.308 10.976 264.0323
-11.188 0.750 46.307 11.065 264.5597
-11.188 0.813 46.306 11.154 265.4796
-11.188 0.875 46.304 11.243 265.5313
-11.188 0.938 46.303 11.331 264.4649
-11.188 1.000 46.302 11.420 260.8595
-11.125 -1.188 46.360 8.312 264.4933
-11.125 -1.125 46.362 8.400 266.2433
-11.125 -1.063 46.363 8.489 268.0636
-11.125 -1.000 46.365 8.578 268.5782
-11.125 -0.938 46.366 8.667 267.4727
-11.125 -0.875 46.367 8.756 266.3770
-11.125 -0.813 46.368 8.845 268.1300
-11.125 -0.750 46.369 8.933 269.8067
-11.125 -0.688 46.370 9.022 267.6378
-11.125 -0.625 46.371 9.111 265.7638
-11.125 -0.563 46.372 9.200 264.1974
-11.125 -0.500 46.372 9.289 263.6456
-11.125 -0.438 46.373 9.378 264.2433
-11.125 -0.375 46.374 9.467 261.8702
-11.125 -0.313 46.374 9.556 259.4571
-11.125 -0.250 46.374 9.644 258.3917
-11.125 -0.188 46.375 9.733 257.9933
-11.125 -0.125 46.375 9.822 258.8018
-11.125 -0.063 46.375 9.911 258.8448
-11.125 0.000 46.375 10.000 258.1593
-11.125 0.063 46.375 10.089 258.4395
-11.125 0.125 46.375 10.178 257.8106
-11.125 0.188 46.375 10.267 258.8028
-11.125 0.250 46.374 10.356 259.8028
-11.125 0.313 46.374 10.444 258.7970
-11.125 0.375 46.374 10.533 257.9923
-11.125 0.438 46.373 10.622 259.6925
-11.125 0.500 46.372 10.711 259.2149
-11.125 0.563 46.372 10.800 257.6739
-11.125 0.625 46.371 10.889 257.0870
-11.125 0.688 46.370 10.978 263.9835
-11.125 0.750 46.369 11.067 264.7589
-11.125 0.813 46.368 11.155 264.9630
-11.125 0.875 46.367 11.244 265.4435
-11.125 0.938 46.366 11.333 264.8663
-11.125 1.000 46.365 11.422 261.1192
-11.063 -1.188 46.423 8.309 264.1895
-11.063 -1.125 46.424 8.398 264.7296
-11.063 -1.063 46.426 8.487 266.3097
-11.063 -1.000 46.427 8.576 267.0645
-11.063 -0.938 46.428 8.665 266.1212
-11.063 -0.875 46.429 8.754 266.2423
-11.063 -0.813 46.431 8.843 270.6466
-11.063 -0.750 46.432 8.932 269.9181
-11.063 -0.688 46.433 9.021 267.2071
-11.063 -0.625 46.433 9.110 263.4610
-11.063 -0.563 46.434 9.199 262.0538
-11.063 -0.500 46.435 9.288 261.1876
-11.063 -0.438 46.435 9.377 260.9640
-11.063 -0.375 46.436 9.466 260.7618
-11.063 -0.313 46.436 9.555 259.3770
-11.063 -0.250 46.437 9.644 258.2101
-11.063 -0.188 46.437 9.733 258.0265
-11.063 -0.125 46.437 9.822 257.2628
-11.063 -0.063 46.437 9.911 257.2325
-11.063 0.000 46.437 10.000 256.7032
-11.063 0.063 46.437 10.089 256.8888
-11.063 0.125 46.437 10.178 257.1456
-11.063 0.188 46.437 10.267 257.6456
-11.063 0.250 46.437 10.356 258.7257
-11.063 0.313 46.436 10.445 258.9718
-11.063 0.375 46.436 10.534 256.7423
-11.063 0.438 46.435 10.623 256.2247
-11.063 0.500 46.435 10.712 258.2550
-11.063 0.563 46.434 10.801 260.1768
-11.063 0.625 46.433 10.890 260.9093
-11.063 0.688 46.433 10.979 263.9601
-11.063 0.750 46.432 11.068 265.1026
-11.063 0.813 46.431 11.157 264.3038
-11.063 0.875 46.429 11.246 265.5157
-11.063 0.938 46.428 11.335 265.7335
-11.063 1.000 46.427 11.424 261.2364
-11.000 -1.188 46.485 8.307 264.7393
-11.000 -1.125 46.487 8.396 264.2852
-11.000 -1.063 46.488 8.485 264.6700
-11.000 -1.000 46.490 8.574 265.4669
-11.000 -0.938 46.491 8.663 265.3321
-11.000 -0.875 46.492 8.752 265.5636
-11.000 -0.813 46.493 8.841 266.4942
-11.000 -0.750 46.494 8.931 266.5714
-11.000 -0.688 46.495 9.020 264.7462
-11.000 -0.625 46.496 9.109 262.6358
-11.000 -0.563 46.497 9.198 261.3839
-11.000 -0.500 46.497 9.287 260.0782
-11.000 -0.438 46.498 9.376 259.3497
-11.000 -0.375 46.499 9.465 259.7931
-11.000 -0.313 46.499 9.554 259.2550
-11.000 -0.250 46.499 9.643 258.9317
-11.000 -0.188 46.500 9.733 258.0157
-11.000 -0.125 46.500 9.822 257.3839
-11.000 -0.063 46.500 9.911 256.8839
-11.000 0.000 46.500 10.000 256.6534
-11.000 0.063 46.500 10.089 257.1524
-11.000 0.125 46.500 10.178 257.7071
-11.000 0.188 46.500 10.267 257.8907
-11.000 0.250 46.499 10.357 257.4679
-11.000 0.313 46.499 10.446 257.1446
-11.000 0.375 46.499 10.535 256.5899
-11.000 0.438 46.498 10.624 256.0167
-11.000 0.500 46.497 10.713 257.4298
-11.000 0.563 46.497 10.802 259.0060
-11.000 0.625 46.496 10.891 260.2921
-11.000 0.688 46.495 10.980 260.8673
-11.000 0.750 46.494 11.069 260.9200
-11.000 0.813 46.493 11.159 263.5841
-11.000 0.875 46.492 11.248 265.6349
-11.000 0.938 46.491 11.337 265.7901
-11.000 1.000 46.490 11.426 262.7540
-10.938 -1.188 46.548 8.305 265.3438
-10.938 -1.125 46.549 8.394 264.6515
-10.938 -1.063 46.551 8.483 264.0968
-10.938 -1.000 46.552 8.572 264.7003
-10.938 -0.938 46.553 8.661 264.4513
-10.938 -0.875 46.554 8.751 263.3067
-10.938 -0.813 46.556 8.840 262.8321
-10.938 -0.750 46.557 8.929 262.9522
-10.938 -0.688 46.558 9.018 262.5675
-10.938 -0.625 46.558 9.108 261.9806
-10.938 -0.563 46.559 9.197 261.3976
-10.938 -0.500 46.560 9.286 260.1583
-10.938 -0.438 46.560 9.375 258.4054
-10.938 -0.375 46.561 9.465 258.4591
-10.938 -0.313 46.561 9.554 258.1466
-10.938 -0.250 46.562 9.643 257.5743
-10.938 -0.188 46.562 9.732 257.9718
-10.938 -0.125 46.562 9.822 258.6124
-10.938 -0.063 46.562 9.911 258.0977
-10.938 0.000 46.562 10.000 257.1974
-10.938 0.063 46.562 10.089 257.3067
-10.938 0.125 46.562 10.178 257.7833
-10.938 0.188 46.562 10.268 257.3214
-10.938 0.250 46.562 10.357 255.6388
-10.938 0.313 46.561 10.446 252.6163
-10.938 0.375 46.561 10.535 252.2149
-10.938 0.438 46.560 10.625 257.2765
-10.938 0.500 46.560 10.714 259.6417
-10.938 0.563 46.559 10.803 261.6368
-10.938 0.625 46.558 10.892 261.1046
-10.938 0.688 46.558 10.982 261.1993
-10.938 0.750 46.557 11.071 262.4923
-10.938 0.813 46.556 11.160 264.5020
-10.938 0.875 46.554 11.249 264.0011
-10.938 0.938 46.553 11.339 262.8751
-10.938 1.000 46.552 11.428 262.1905
-10.875 -1.188 46.610 8.302 265.0089
-10.875 -1.125 46.612 8.392 263.8673
-10.875 -1.063 46.613 8.481 264.3009
-10.875 -1.000 46.614 8.570 264.8419
-10.875 -0.938 46.616 8.660 263.9444
-10.875 -0.875 46.617 8.749 263.0372
-10.875 -0.813 46.618 8.838 262.5274
-10.875 -0.750 46.619 8.928 261.8165
-10.875 -0.688 46.620 9.017 261.4347
-10.875 -0.625 46.621 9.106 261.4210
-10.875 -0.563 46.622 9.196 261.4503
-10.875 -0.500 46.622 9.285 260.1524
-10.875 -0.438 46.623 9.374 259.2823
-10.875 -0.375 46.624 9.464 262.7120
-10.875 -0.313 46.624 9.553 261.1593
-10.875 -0.250 46.624 9.643 258.2560
-10.875 -0.188 46.625 9.732 257.1329
-10.875 -0.125 46.625 9.821 258.8673
-10.875 -0.063 46.625 9.911 259.2325
-10.875 0.000 46.625 10.000 259.1114
-10.875 0.063 46.625 10.089 257.0763
-10.875 0.125 46.625 10.179 256.6690
-10.875 0.188 46.625 10.268 257.1427
-10.875 0.250 46.624 10.357 257.7306
-10.875 0.313 46.624 10.447 255.0636
-10.875 0.375 46.624 10.536 259.9278
-10.875 0.438 46.623 10.626 258.5157
-10.875 0.500 46.622 10.715 260.2511
-10.875 0.563 46.622 10.804 263.3468
-10.875 0.625 46.621 10.894 264.1143
-10.875 0.688 46.620 10.983 264.8751
-10.875 0.750 46.619 11.072 262.9708
-10.875 0.813 46.618 11.162 264.3702
-10.875 0.875 46.617 11.251 259.8751
-10.875 0.938 46.616 11.340 261.5099
-10.875 1.000 46.614 11.430 262.2374
-10.813 -1.125 46.674 8.389 264.1427
-10.813 -1.063 46.676 8.479 264.6632
-10.813 -1.000 46.677 8.568 265.4200
-10.813 -0.938 46.678 8.658 263.8126
-10.813 -0.875 46.679 8.747 262.7813
-10.813 -0.813 46.681 8.837 262.6056
-10.813 -0.750 46.682 8.926 262.0704
-10.813 -0.688 46.683 9.016 260.9835
-10.813 -0.625 46.683 9.105 263.8956
-10.813 -0.563 46.684 9.195 264.2315
-10.813 -0.500 46.685 9.284 261.2306
-10.813 -0.438 46.685 9.374 261.0948
-10.813 -0.375 46.686 9.463 264.5958
-10.813 -0.313 46.686 9.553 260.6183
-10.813 -0.250 46.687 9.642 256.3009
-10.813 -0.188 46.687 9.732 260.1153
-10.813 -0.125 46.687 9.821 259.6974
-10.813 -0.063 46.687 9.911 258.9933
-10.813 0.000 46.688 10.000 259.2257
-10.813 0.063 46.687 10.089 258.9200
-10.813 0.125 46.687 10.179 256.1212
-10.813 0.188 46.687 10.268 255.0401
-10.813 0.250 46.687 10.358 257.0060
-10.813 0.313 46.686 10.447 258.9239
-10.813 0.375 46.686 10.537 261.4161
-10.813 0.438 46.685 10.626 262.0587
-10.813 0.500 46.685 10.716 260.3907
-10.813 0.563 46.684 10.805 260.8038
-10.813 0.625 46.683 10.895 261.6602
-10.813 0.688 46.683 10.984 260.3067
-10.813 0.750 46.682 11.074 264.6417
-10.813 0.813 46.681 11.163 262.1524
-10.813 0.875 46.679 11.253 263.1134
-10.813 0.938 46.678 11.342 257.5186
-10.813 1.000 46.677 11.432 257.5030
