-12.875 -1.188 44.611 8.374 295.2698
-12.875 -1.125 44.612 8.459 295.1418
-12.875 -1.062 44.614 8.545 294.4094
-12.875 -1.000 44.615 8.630 294.8108
-12.875 -0.938 44.616 8.716 294.2659
-12.875 -0.875 44.617 8.802 292.8733
-12.875 -0.812 44.618 8.887 292.4778
-12.875 -0.750 44.619 8.973 292.8831
-12.875 -0.688 44.620 9.058 291.8225
-12.875 -0.625 44.621 9.144 289.2688
-12.875 -0.562 44.622 9.230 289.5530
-12.875 -0.500 44.622 9.315 291.6545
-12.875 -0.438 44.623 9.401 291.2834
-12.875 -0.375 44.624 9.486 290.9856
-12.875 -0.312 44.624 9.572 291.3342
-12.875 -0.250 44.624 9.658 292.2170
-12.875 -0.188 44.625 9.743 293.4924
-12.875 -0.125 44.625 9.829 293.3430
-12.875 -0.062 44.625 9.914 294.7180
-12.875 0.000 44.625 10.000 296.1340
-12.875 0.062 44.625 10.086 296.0862
-12.875 0.125 44.625 10.171 296.5725
-12.875 0.188 44.625 10.257 298.3928
-12.875 0.250 44.624 10.342 299.2268
-12.875 0.312 44.624 10.428 299.0198
-12.875 0.375 44.624 10.514 299.2571
-12.875 0.438 44.623 10.599 299.5461
-12.875 0.500 44.622 10.685 300.1125
-12.875 0.562 44.622 10.770 300.3440
-12.875 0.625 44.621 10.856 300.5286
-12.875 0.688 44.620 10.942 300.7288
-12.875 0.750 44.619 11.027 300.6047
-12.875 0.812 44.618 11.113 300.8733
-12.875 0.875 44.617 11.198 300.9250
-12.875 0.938 44.616 11.284 301.0002
-12.875 1.000 44.615 11.370 300.7815
-12.875 1.062 44.614 11.455 300.8342
-12.812 -1.188 44.673 8.372 296.1829
-12.812 -1.125 44.675 8.457 296.6545
-12.812 -1.062 44.676 8.543 296.2249
-12.812 -1.000 44.677 8.629 296.1584
-12.812 -0.938 44.679 8.714 296.2864
-12.812 -0.875 44.680 8.800 295.9641
-12.812 -0.812 44.681 8.886 294.9368
-12.812 -0.750 44.682 8.971 294.1399
-12.812 -0.688 44.683 9.057 293.0891
-12.812 -0.625 44.684 9.143 289.7532
-12.812 -0.562 44.684 9.229 289.4006
-12.812 -0.500 44.685 9.314 293.0227
-12.812 -0.438 44.686 9.400 292.5969
-12.812 -0.375 44.686 9.486 292.0110
-12.812 -0.312 44.687 9.571 293.4465
-12.812 -0.250 44.687 9.657 292.3547
-12.812 -0.188 44.687 9.743 292.8694
-12.812 -0.125 44.687 9.829 294.8196
-12.812 -0.062 44.687 9.914 295.4465
-12.812 0.000 44.688 10.000 297.0969
-12.812 0.062 44.687 10.086 298.6379
-12.812 0.125 44.687 10.171 298.7874
-12.812 0.188 44.687 10.257 300.2063
-12.812 0.250 44.687 10.343 299.7473
-12.812 0.312 44.687 10.429 299.6995
-12.812 0.375 44.686 10.514 299.9377
-12.812 0.438 44.686 10.600 300.4182
-12.812 0.500 44.685 10.686 300.6311
-12.812 0.562 44.684 10.771 300.5120
-12.812 0.625 44.684 10.857 300.4290
-12.812 0.688 44.683 10.943 300.4709
-12.812 0.750 44.682 11.029 300.6624
-12.812 0.812 44.681 11.114 300.8508
-12.812 0.875 44.680 11.200 301.0784
-12.812 0.938 44.679 11.286 301.2102
-12.812 1.000 44.677 11.371 300.8420
-12.812 1.062 44.676 11.457 301.0969
-12.750 -1.188 44.736 8.369 296.9094
-12.750 -1.125 44.737 8.455 297.0198
-12.750 -1.062 44.739 8.541 297.0959
-12.750 -1.000 44.740 8.627 297.2034
-12.750 -0.938 44.741 8.713 297.2483
-12.750 -0.875 44.742 8.798 297.0081
-12.750 -0.812 44.743 8.884 296.3577
-12.750 -0.750 44.744 8.970 295.2024
-12.750 -0.688 44.745 9.056 294.1379
-12.750 -0.625 44.746 9.142 291.7766
-12.750 -0.562 44.747 9.228 290.8977
-12.750 -0.500 44.747 9.313 292.5969
-12.750 -0.438 44.748 9.399 293.5481
-12.750 -0.375 44.749 9.485 292.5393
-12.750 -0.312 44.749 9.571 292.7805
-12.750 -0.250 44.749 9.657 293.6848
-12.750 -0.188 44.750 9.742 294.6565
-12.750 -0.125 44.750 9.828 295.3616
-12.750 -0.062 44.750 9.914 296.4973
-12.750 0.000 44.750 10.000 297.3606
-12.750 0.062 44.750 10.086 299.0891
-12.750 0.125 44.750 10.172 299.8420
-12.750 0.188 44.750 10.258 300.3352
-12.750 0.250 44.749 10.343 300.4045
-12.750 0.312 44.749 10.429 300.3889
-12.750 0.375 44.749 10.515 300.4807
-12.750 0.438 44.748 10.601 300.4700
-12.750 0.500 44.747 10.687 300.4651
-12.750 0.562 44.747 10.772 300.3401
-12.750 0.625 44.746 10.858 300.3557
-12.750 0.688 44.745 10.944 300.4143
-12.750 0.750 44.744 11.030 300.6077
-12.750 0.812 44.743 11.116 301.0803
-12.750 0.875 44.742 11.202 300.5745
-12.750 0.938 44.741 11.287 301.0452
-12.750 1.000 44.740 11.373 301.0452
-12.750 1.062 44.739 11.459 300.9055
-12.688 -1.188 44.798 8.367 297.9016
-12.688 -1.125 44.800 8.453 297.7288
-12.688 -1.062 44.801 8.539 297.6584
-12.688 -1.000 44.802 8.625 298.1399
-12.688 -0.938 44.804 8.711 298.2961
-12.688 -0.875 44.805 8.797 298.0696
-12.688 -0.812 44.806 8.883 297.2825
-12.688 -0.750 44.807 8.969 296.2239
-12.688 -0.688 44.808 9.055 295.8186
-12.688 -0.625 44.809 9.141 294.9524
-12.688 -0.562 44.809 9.226 292.2620
-12.688 -0.500 44.810 9.312 291.8430
-12.688 -0.438 44.811 9.398 293.9963
-12.688 -0.375 44.811 9.484 294.8586
-12.688 -0.312 44.812 9.570 294.5471
-12.688 -0.250 44.812 9.656 295.0569
-12.688 -0.188 44.812 9.742 295.8870
-12.688 -0.125 44.812 9.828 297.2512
-12.688 -0.062 44.812 9.914 298.8499
-12.688 0.000 44.812 10.000 299.2610
-12.688 0.062 44.812 10.086 299.5461
-12.688 0.125 44.812 10.172 299.3713
-12.688 0.188 44.812 10.258 300.2014
-12.688 0.250 44.812 10.344 300.8020
-12.688 0.312 44.812 10.430 300.7610
-12.688 0.375 44.811 10.516 300.7200
-12.688 0.438 44.811 10.602 300.8313
-12.688 0.500 44.810 10.688 300.6477
-12.688 0.562 44.809 10.774 300.3245
-12.688 0.625 44.809 10.859 300.2014
-12.688 0.688 44.808 10.945 300.2405
-12.688 0.750 44.807 11.031 300.2385
-12.688 0.812 44.806 11.117 300.1917
-12.688 0.875 44.805 11.203 300.4993
-12.688 0.938 44.804 11.289 300.6116
-12.688 1.000 44.802 11.375 300.5764
-12.688 1.062 44.801 11.461 300.2776
-12.625 -1.188 44.861 8.365 298.2473
-12.625 -1.125 44.862 8.451 298.1096
-12.625 -1.062 44.864 8.537 298.3704
-12.625 -1.000 44.865 8.623 298.6858
-12.625 -0.938 44.866 8.709 298.8313
-12.625 -0.875 44.867 8.795 298.7122
-12.625 -0.812 44.868 8.881 298.5452
-12.625 -0.750 44.869 8.967 297.9495
-12.625 -0.688 44.870 9.053 296.8362
-12.625 -0.625 44.871 9.139 295.9553
-12.625 -0.562 44.872 9.225 294.1233
-12.625 -0.500 44.872 9.312 293.3108
-12.625 -0.438 44.873 9.398 293.7971
-12.625 -0.375 44.874 9.484 295.7991
-12.625 -0.312 44.874 9.570 295.8801
-12.625 -0.250 44.874 9.656 296.5208
-12.625 -0.188 44.875 9.742 297.6340
-12.625 -0.125 44.875 9.828 298.4280
-12.625 -0.062 44.875 9.914 299.0754
-12.625 0.000 44.875 10.000 299.3958
-12.625 0.062 44.875 10.086 299.7659
-12.625 0.125 44.875 10.172 299.9094
-12.625 0.188 44.875 10.258 299.8528
-12.625 0.250 44.874 10.344 300.4075
-12.625 0.312 44.874 10.430 300.6233
-12.625 0.375 44.874 10.516 300.7551
-12.625 0.438 44.873 10.602 300.8508
-12.625 0.500 44.872 10.688 300.5276
-12.625 0.562 44.872 10.775 300.1311
-12.625 0.625 44.871 10.861 299.9856
-12.625 0.688 44.870 10.947 299.9016
-12.625 0.750 44.869 11.033 299.8655
-12.625 0.812 44.868 11.119 299.9377
-12.625 0.875 44.867 11.205 299.9456
-12.625 0.938 44.866 11.291 300.0256
-12.625 1.000 44.865 11.377 300.0022
-12.625 1.062 44.864 11.463 300.0227
-12.562 -1.188 44.923 8.363 298.1125
-12.562 -1.125 44.925 8.449 297.6741
-12.562 -1.062 44.926 8.535 298.2219
-12.562 -1.000 44.927 8.621 298.6301
-12.562 -0.938 44.929 8.707 298.9709
-12.562 -0.875 44.930 8.794 299.2258
-12.562 -0.812 44.931 8.880 299.3928
-12.562 -0.750 44.932 8.966 299.2209
-12.562 -0.688 44.933 9.052 297.9758
-12.562 -0.625 44.934 9.138 296.6965
-12.562 -0.562 44.934 9.224 295.3909
-12.562 -0.500 44.935 9.311 294.9934
-12.562 -0.438 44.936 9.397 295.2424
-12.562 -0.375 44.936 9.483 295.7610
-12.562 -0.312 44.937 9.569 298.1956
-12.562 -0.250 44.937 9.655 298.4153
-12.562 -0.188 44.937 9.741 298.6653
-12.562 -0.125 44.937 9.828 298.6838
-12.562 -0.062 44.937 9.914 299.5286
-12.562 0.000 44.937 10.000 299.6555
-12.562 0.062 44.937 10.086 299.7786
-12.562 0.125 44.937 10.172 300.1135
-12.562 0.188 44.937 10.259 300.2551
-12.562 0.250 44.937 10.345 300.5081
-12.562 0.312 44.937 10.431 300.6008
-12.562 0.375 44.936 10.517 300.0999
-12.562 0.438 44.936 10.603 299.8958
-12.562 0.500 44.935 10.689 300.3167
-12.562 0.562 44.934 10.776 299.8840
-12.562 0.625 44.934 10.862 299.7229
-12.562 0.688 44.933 10.948 299.6663
-12.562 0.750 44.932 11.034 299.7014
-12.562 0.812 44.931 11.120 299.8000
-12.562 0.875 44.930 11.206 299.7551
-12.562 0.938 44.929 11.293 299.6760
-12.562 1.000 44.927 11.379 299.6604
-12.562 1.062 44.926 11.465 299.6350
-12.500 -1.188 44.986 8.361 296.7170
-12.500 -1.125 44.987 8.447 296.7532
-12.500 -1.062 44.989 8.533 298.0452
-12.500 -1.000 44.990 8.619 298.7317
-12.500 -0.938 44.991 8.706 298.8743
-12.500 -0.875 44.992 8.792 299.3909
-12.500 -0.812 44.993 8.878 299.6360
-12.500 -0.750 44.994 8.965 299.8899
-12.500 -0.688 44.995 9.051 299.1672
-12.500 -0.625 44.996 9.137 298.4241
-12.500 -0.562 44.997 9.223 296.7083
-12.500 -0.500 44.997 9.310 296.6584
-12.500 -0.438 44.998 9.396 297.2600
-12.500 -0.375 44.999 9.482 298.4846
-12.500 -0.312 44.999 9.569 298.2454
-12.500 -0.250 44.999 9.655 299.3782
-12.500 -0.188 45.000 9.741 299.2903
-12.500 -0.125 45.000 9.827 299.3694
-12.500 -0.062 45.000 9.914 299.3606
-12.500 0.000 45.000 10.000 299.3206
-12.500 0.062 45.000 10.086 299.7083
-12.500 0.125 45.000 10.173 299.8342
-12.500 0.188 45.000 10.259 299.9866
-12.500 0.250 44.999 10.345 300.5403
-12.500 0.312 44.999 10.431 300.2141
-12.500 0.375 44.999 10.518 299.9387
-12.500 0.438 44.998 10.604 299.6750
-12.500 0.500 44.997 10.690 299.7590
-12.500 0.562 44.997 10.777 299.5881
-12.500 0.625 44.996 10.863 299.5989
-12.500 0.688 44.995 10.949 299.4895
-12.500 0.750 44.994 11.035 299.4846
-12.500 0.812 44.993 11.122 299.5100
-12.500 0.875 44.992 11.208 299.5286
-12.500 0.938 44.991 11.294 299.4563
-12.500 1.000 44.990 11.381 299.4387
-12.500 1.062 44.989 11.467 299.5452
-12.438 -1.188 45.048 8.359 294.8938
-12.438 -1.125 45.050 8.445 296.8733
-12.438 -1.062 45.051 8.531 298.1135
-12.438 -1.000 45.052 8.618 298.7483
-12.438 -0.938 45.054 8.704 299.2727
-12.438 -0.875 45.055 8.790 299.1702
-12.438 -0.812 45.056 8.877 299.7542
-12.438 -0.750 45.057 8.963 299.6125
-12.438 -0.688 45.058 9.050 299.3889
-12.438 -0.625 45.059 9.136 299.1692
-12.438 -0.562 45.059 9.222 298.3196
-12.438 -0.500 45.060 9.309 298.6311
-12.438 -0.438 45.061 9.395 298.8245
-12.438 -0.375 45.061 9.482 299.0618
-12.438 -0.312 45.062 9.568 299.1125
-12.438 -0.250 45.062 9.654 298.9319
-12.438 -0.188 45.062 9.741 299.1838
-12.438 -0.125 45.062 9.827 299.3362
-12.438 -0.062 45.062 9.914 299.3840
-12.438 0.000 45.062 10.000 299.4504
-12.438 0.062 45.062 10.086 299.6301
-12.438 0.125 45.062 10.173 299.6799
-12.438 0.188 45.062 10.259 299.6350
-12.438 0.250 45.062 10.346 299.7415
-12.438 0.312 45.062 10.432 299.7258
-12.438 0.375 45.061 10.518 299.8479
-12.438 0.438 45.061 10.605 299.9192
-12.438 0.500 45.060 10.691 299.8118
-12.438 0.562 45.059 10.778 299.6311
-12.438 0.625 45.059 10.864 299.4680
-12.438 0.688 45.058 10.950 299.3147
-12.438 0.750 45.057 11.037 299.2522
-12.438 0.812 45.056 11.123 299.2932
-12.438 0.875 45.055 11.210 299.4143
-12.438 0.938 45.054 11.296 299.3743
-12.438 1.000 45.052 11.382 299.4680
-12.438 1.062 45.051 11.469 299.4602
-12.375 -1.188 45.111 8.356 294.8303
-12.375 -1.125 45.112 8.443 295.6594
-12.375 -1.062 45.113 8.529 297.2004
-12.375 -1.000 45.115 8.616 298.2932
-12.375 -0.938 45.116 8.702 298.9797
-12.375 -0.875 45.117 8.789 299.1907
-12.375 -0.812 45.118 8.875 299.2346
-12.375 -0.750 45.119 8.962 299.2239
-12.375 -0.688 45.120 9.048 299.2893
-12.375 -0.625 45.121 9.135 299.1096
-12.375 -0.562 45.122 9.221 298.6458
-12.375 -0.500 45.122 9.308 298.7991
-12.375 -0.438 45.123 9.394 299.1692
-12.375 -0.375 45.124 9.481 299.0540
-12.375 -0.312 45.124 9.567 299.5549
-12.375 -0.250 45.124 9.654 299.4075
-12.375 -0.188 45.125 9.740 299.2327
-12.375 -0.125 45.125 9.827 299.4084
-12.375 -0.062 45.125 9.913 299.4299
-12.375 0.000 45.125 10.000 299.5569
-12.375 0.062 45.125 10.087 299.6047
-12.375 0.125 45.125 10.173 299.5471
-12.375 0.188 45.125 10.260 299.5452
-12.375 0.250 45.124 10.346 299.6643
-12.375 0.312 45.124 10.433 299.7600
-12.375 0.375 45.124 10.519 300.2620
-12.375 0.438 45.123 10.606 300.2249
-12.375 0.500 45.122 10.692 299.7913
-12.375 0.562 45.122 10.779 299.7083
-12.375 0.625 45.121 10.865 299.5969
-12.375 0.688 45.120 10.952 299.4290
-12.375 0.750 45.119 11.038 299.3167
-12.375 0.812 45.118 11.125 299.3860
-12.375 0.875 45.117 11.211 299.2971
-12.375 0.938 45.116 11.298 299.3782
-12.375 1.000 45.115 11.384 299.3684
-12.375 1.062 45.113 11.471 299.3411
-12.312 -1.188 45.173 8.354 295.6614
-12.312 -1.125 45.175 8.441 294.6536
-12.312 -1.062 45.176 8.527 295.4934
-12.312 -1.000 45.177 8.614 298.0735
-12.312 -0.938 45.179 8.701 298.3928
-12.312 -0.875 45.180 8.787 298.7170
-12.312 -0.812 45.181 8.874 298.2102
-12.312 -0.750 45.182 8.960 298.7922
-12.312 -0.688 45.183 9.047 299.4241
-12.312 -0.625 45.184 9.134 298.6721
-12.312 -0.562 45.184 9.220 298.5422
-12.312 -0.500 45.185 9.307 298.5022
-12.312 -0.438 45.186 9.394 298.9338
-12.312 -0.375 45.186 9.480 299.2844
-12.312 -0.312 45.187 9.567 299.4407
-12.312 -0.250 45.187 9.653 299.3323
-12.312 -0.188 45.187 9.740 299.0598
-12.312 -0.125 45.187 9.827 299.1467
-12.312 -0.062 45.187 9.913 299.2161
-12.312 0.000 45.188 10.000 299.2336
-12.312 0.062 45.187 10.087 299.4104
-12.312 0.125 45.187 10.173 299.2961
-12.312 0.188 45.187 10.260 299.1536
-12.312 0.250 45.187 10.347 299.4661
-12.312 0.312 45.187 10.433 300.1184
-12.312 0.375 45.186 10.520 299.8577
-12.312 0.438 45.186 10.606 299.6487
-12.312 0.500 45.185 10.693 299.2600
-12.312 0.562 45.184 10.780 299.3440
-12.312 0.625 45.184 10.866 299.5266
-12.312 0.688 45.183 10.953 299.3635
-12.312 0.750 45.182 11.040 299.2698
-12.312 0.812 45.181 11.126 299.2766
-12.312 0.875 45.180 11.213 299.2756
-12.312 0.938 45.179 11.299 299.2649
-12.312 1.000 45.177 11.386 299.2688
-12.312 1.062 45.176 11.473 299.1907
-12.250 -1.188 45.236 8.352 295.6545
-12.250 -1.125 45.237 8.439 295.4143
-12.250 -1.062 45.238 8.525 294.1750
-12.250 -1.000 45.240 8.612 297.5100
-12.250 -0.938 45.241 8.699 298.0579
-12.250 -0.875 45.242 8.786 298.0364
-12.250 -0.812 45.243 8.872 296.8733
-12.250 -0.750 45.244 8.959 297.9299
-12.250 -0.688 45.245 9.046 298.8938
-12.250 -0.625 45.246 9.132 298.7961
-12.250 -0.562 45.247 9.219 298.7629
-12.250 -0.500 45.247 9.306 298.9299
-12.250 -0.438 45.248 9.393 298.7893
-12.250 -0.375 45.249 9.479 298.7122
-12.250 -0.312 45.249 9.566 299.0002
-12.250 -0.250 45.249 9.653 299.1487
-12.250 -0.188 45.250 9.740 299.2424
-12.250 -0.125 45.250 9.826 298.8489
-12.250 -0.062 45.250 9.913 298.7913
-12.250 0.000 45.250 10.000 299.0081
-12.250 0.062 45.250 10.087 299.0959
-12.250 0.125 45.250 10.174 299.1780
-12.250 0.188 45.250 10.260 299.2532
-12.250 0.250 45.249 10.347 299.3538
-12.250 0.312 45.249 10.434 299.4426
-12.250 0.375 45.249 10.521 299.3313
-12.250 0.438 45.248 10.607 299.1409
-12.250 0.500 45.247 10.694 299.0432
-12.250 0.562 45.247 10.781 298.8362
-12.250 0.625 45.246 10.868 298.9475
-12.250 0.688 45.245 10.954 299.0842
-12.250 0.750 45.244 11.041 298.9817
-12.250 0.812 45.243 11.128 299.0754
-12.250 0.875 45.242 11.214 299.1663
-12.250 0.938 45.241 11.301 299.1272
-12.250 1.000 45.240 11.388 299.0852
-12.250 1.062 45.238 11.475 298.8909
-12.188 -1.188 45.298 8.350 295.3889
-12.188 -1.125 45.300 8.437 295.1643
-12.188 -1.062 45.301 8.523 295.1497
-12.188 -1.000 45.302 8.610 295.6399
-12.188 -0.938 45.304 8.697 297.6506
-12.188 -0.875 45.305 8.784 297.5979
-12.188 -0.812 45.306 8.871 296.8665
-12.188 -0.750 45.307 8.958 297.5579
-12.188 -0.688 45.308 9.044 297.9270
-12.188 -0.625 45.309 9.131 298.2424
-12.188 -0.562 45.309 9.218 298.3079
-12.188 -0.500 45.310 9.305 298.5686
-12.188 -0.438 45.311 9.392 298.5305
-12.188 -0.375 45.311 9.479 298.4543
-12.188 -0.312 45.312 9.566 298.3459
-12.188 -0.250 45.312 9.653 298.4670
-12.188 -0.188 45.312 9.739 298.7375
-12.188 -0.125 45.312 9.826 298.8469
-12.188 -0.062 45.312 9.913 298.8547
-12.188 0.000 45.313 10.000 298.6770
-12.188 0.062 45.312 10.087 298.6399
-12.188 0.125 45.312 10.174 298.7415
-12.188 0.188 45.312 10.261 298.9260
-12.188 0.250 45.312 10.347 298.8645
-12.188 0.312 45.312 10.434 298.8040
-12.188 0.375 45.311 10.521 298.7190
-12.188 0.438 45.311 10.608 298.6116
-12.188 0.500 45.310 10.695 298.5188
-12.188 0.562 45.309 10.782 298.4758
-12.188 0.625 45.309 10.869 298.6506
-12.188 0.688 45.308 10.956 298.6643
-12.188 0.750 45.307 11.042 298.6848
-12.188 0.812 45.306 11.129 298.7776
-12.188 0.875 45.305 11.216 298.7356
-12.188 0.938 45.304 11.303 298.7620
-12.188 1.000 45.302 11.390 298.7561
-12.188 1.062 45.301 11.477 299.0637
-12.125 -1.188 45.361 8.348 295.1624
-12.125 -1.125 45.362 8.434 294.9856
-12.125 -1.062 45.363 8.521 295.0989
-12.125 -1.000 45.365 8.608 294.5129
-12.125 -0.938 45.366 8.695 296.5403
-12.125 -0.875 45.367 8.782 296.8342
-12.125 -0.812 45.368 8.869 296.5813
-12.125 -0.750 45.369 8.956 297.2024
-12.125 -0.688 45.370 9.043 297.4075
-12.125 -0.625 45.371 9.130 297.9192
-12.125 -0.562 45.372 9.217 297.9944
-12.125 -0.500 45.372 9.304 298.1067
-12.125 -0.438 45.373 9.391 298.1663
-12.125 -0.375 45.374 9.478 298.0325
-12.125 -0.312 45.374 9.565 297.8655
-12.125 -0.250 45.374 9.652 297.9163
-12.125 -0.188 45.375 9.739 298.0901
-12.125 -0.125 45.375 9.826 298.2688
-12.125 -0.062 45.375 9.913 298.3254
-12.125 0.000 45.375 10.000 298.3167
-12.125 0.062 45.375 10.087 298.2288
-12.125 0.125 45.375 10.174 298.4045
-12.125 0.188 45.375 10.261 298.2795
-12.125 0.250 45.374 10.348 298.1389
-12.125 0.312 45.374 10.435 298.2590
-12.125 0.375 45.374 10.522 298.2874
-12.125 0.438 45.373 10.609 298.2883
-12.125 0.500 45.372 10.696 298.3479
-12.125 0.562 45.372 10.783 298.3118
-12.125 0.625 45.371 10.870 298.3303
-12.125 0.688 45.370 10.957 298.5452
-12.125 0.750 45.369 11.044 298.6321
-12.125 0.812 45.368 11.131 298.6653
-12.125 0.875 45.367 11.218 298.6155
-12.125 0.938 45.366 11.305 298.6672
-12.125 1.000 45.365 11.392 298.3674
-12.125 1.062 45.363 11.479 297.9524
-12.062 -1.188 45.423 8.345 294.9641
-12.062 -1.125 45.425 8.432 294.9290
-12.062 -1.062 45.426 8.519 294.6711
-12.062 -1.000 45.427 8.607 295.5022
-12.062 -0.938 45.428 8.694 296.4211
-12.062 -0.875 45.430 8.781 296.2151
-12.062 -0.812 45.431 8.868 296.1565
-12.062 -0.750 45.432 8.955 296.4358
-12.062 -0.688 45.433 9.042 297.1223
-12.062 -0.625 45.433 9.129 297.8762
-12.062 -0.562 45.434 9.216 297.8147
-12.062 -0.500 45.435 9.303 297.9417
-12.062 -0.438 45.436 9.390 297.9944
-12.062 -0.375 45.436 9.477 297.8870
-12.062 -0.312 45.436 9.564 297.8000
-12.062 -0.250 45.437 9.652 297.8625
-12.062 -0.188 45.437 9.739 297.9485
-12.062 -0.125 45.437 9.826 297.7668
-12.062 -0.062 45.437 9.913 297.9036
-12.062 0.000 45.438 10.000 297.8616
-12.062 0.062 45.437 10.087 297.8840
-12.062 0.125 45.437 10.174 297.8577
-12.062 0.188 45.437 10.261 298.0627
-12.062 0.250 45.437 10.348 297.7737
-12.062 0.312 45.436 10.436 297.7180
-12.062 0.375 45.436 10.523 297.5872
-12.062 0.438 45.436 10.610 297.4456
-12.062 0.500 45.435 10.697 297.2698
-12.062 0.562 45.434 10.784 297.6936
-12.062 0.625 45.433 10.871 298.0745
-12.062 0.688 45.433 10.958 298.1438
-12.062 0.750 45.432 11.045 298.2043
-12.062 0.812 45.431 11.132 298.2190
-12.062 0.875 45.430 11.219 298.0784
-12.062 0.938 45.428 11.306 298.4075
-12.062 1.000 45.427 11.393 297.9036
-12.062 1.062 45.426 11.481 296.9075
-12.000 -1.188 45.486 8.343 294.7229
-12.000 -1.125 45.487 8.430 294.7766
-12.000 -1.062 45.488 8.517 294.8684
-12.000 -1.000 45.490 8.605 295.2512
-12.000 -0.938 45.491 8.692 295.6223
-12.000 -0.875 45.492 8.779 295.8323
-12.000 -0.812 45.493 8.866 296.5413
-12.000 -0.750 45.494 8.953 295.7708
-12.000 -0.688 45.495 9.041 297.1946
-12.000 -0.625 45.496 9.128 297.5247
-12.000 -0.562 45.497 9.215 297.7317
-12.000 -0.500 45.497 9.302 297.8567
-12.000 -0.438 45.498 9.389 297.7463
-12.000 -0.375 45.499 9.477 297.7014
-12.000 -0.312 45.499 9.564 297.7473
-12.000 -0.250 45.499 9.651 297.6956
-12.000 -0.188 45.500 9.738 297.6428
-12.000 -0.125 45.500 9.826 297.5559
-12.000 -0.062 45.500 9.913 297.2219
-12.000 0.000 45.500 10.000 297.5012
-12.000 0.062 45.500 10.087 297.6438
-12.000 0.125 45.500 10.174 297.7502
-12.000 0.188 45.500 10.262 297.2942
-12.000 0.250 45.499 10.349 296.9045
-12.000 0.312 45.499 10.436 296.7102
-12.000 0.375 45.499 10.523 297.0530
-12.000 0.438 45.498 10.611 293.2268
-12.000 0.500 45.497 10.698 293.5344
-12.000 0.562 45.497 10.785 296.3323
-12.000 0.625 45.496 10.872 296.3049
-12.000 0.688 45.495 10.959 295.8694
-12.000 0.750 45.494 11.047 295.1477
-12.000 0.812 45.493 11.134 295.0930
-12.000 0.875 45.492 11.221 295.4934
-12.000 0.938 45.491 11.308 296.7473
-12.000 1.000 45.490 11.395 297.7649
-12.000 1.062 45.488 11.483 297.3811
-11.938 -1.188 45.548 8.341 294.0237
-11.938 -1.125 45.549 8.428 294.1458
-11.938 -1.062 45.551 8.515 294.4700
-11.938 -1.000 45.552 8.603 294.4426
-11.938 -0.938 45.553 8.690 295.2161
-11.938 -0.875 45.555 8.777 295.0178
-11.938 -0.812 45.556 8.865 295.2512
-11.938 -0.750 45.557 8.952 296.0432
-11.938 -0.688 45.558 9.039 296.6829
-11.938 -0.625 45.558 9.127 296.8557
-11.938 -0.562 45.559 9.214 297.0579
-11.938 -0.500 45.560 9.301 297.1604
-11.938 -0.438 45.561 9.389 297.0325
-11.938 -0.375 45.561 9.476 297.1477
-11.938 -0.312 45.561 9.563 297.2366
-11.938 -0.250 45.562 9.651 297.2092
-11.938 -0.188 45.562 9.738 297.0413
-11.938 -0.125 45.562 9.825 296.9026
-11.938 -0.062 45.562 9.913 296.7581
-11.938 0.000 45.562 10.000 296.1555
-11.938 0.062 45.562 10.087 296.8508
-11.938 0.125 45.562 10.175 296.6282
-11.938 0.188 45.562 10.262 295.3118
-11.938 0.250 45.562 10.349 294.1536
-11.938 0.312 45.561 10.437 295.1067
-11.938 0.375 45.561 10.524 296.6340
-11.938 0.438 45.561 10.611 292.6721
-11.938 0.500 45.560 10.699 293.4622
-11.938 0.562 45.559 10.786 295.4329
-11.938 0.625 45.558 10.873 293.8557
-11.938 0.688 45.558 10.961 292.9924
-11.938 0.750 45.557 11.048 292.4124
-11.938 0.812 45.556 11.135 292.1790
-11.938 0.875 45.555 11.223 292.9768
-11.938 0.938 45.553 11.310 294.5491
-11.938 1.000 45.552 11.397 296.3684
-11.938 1.062 45.551 11.485 297.5920
-11.875 -1.188 45.610 8.339 293.2200
-11.875 -1.125 45.612 8.426 293.4172
-11.875 -1.062 45.613 8.513 293.4348
-11.875 -1.000 45.615 8.601 294.0784
-11.875 -0.938 45.616 8.688 294.6252
-11.875 -0.875 45.617 8.776 295.0208
-11.875 -0.812 45.618 8.863 294.6780
-11.875 -0.750 45.619 8.951 295.3655
-11.875 -0.688 45.620 9.038 296.6379
-11.875 -0.625 45.621 9.125 296.5081
-11.875 -0.562 45.622 9.213 296.6057
-11.875 -0.500 45.622 9.300 296.4543
-11.875 -0.438 45.623 9.388 296.3547
-11.875 -0.375 45.624 9.475 296.4163
-11.875 -0.312 45.624 9.563 296.6282
-11.875 -0.250 45.624 9.650 296.6672
-11.875 -0.188 45.625 9.738 296.5676
-11.875 -0.125 45.625 9.825 296.2893
-11.875 -0.062 45.625 9.913 295.8674
-11.875 0.000 45.625 10.000 295.3381
-11.875 0.062 45.625 10.087 294.9192
-11.875 0.125 45.625 10.175 293.8147
-11.875 0.188 45.625 10.262 291.9016
-11.875 0.250 45.624 10.350 292.3528
-11.875 0.312 45.624 10.437 293.9817
-11.875 0.375 45.624 10.525 294.0090
-11.875 0.438 45.623 10.612 292.3665
-11.875 0.500 45.622 10.700 293.9016
-11.875 0.562 45.622 10.787 291.6692
-11.875 0.625 45.621 10.875 291.4631
-11.875 0.688 45.620 10.962 290.3752
-11.875 0.750 45.619 11.049 288.6331
-11.875 0.812 45.618 11.137 289.6213
-11.875 0.875 45.617 11.224 291.8772
-11.875 0.938 45.616 11.312 293.7561
-11.875 1.000 45.615 11.399 295.3313
-11.875 1.062 45.613 11.487 296.5198
-11.812 -1.188 45.673 8.336 292.2024
-11.812 -1.125 45.674 8.424 292.7473
-11.812 -1.062 45.676 8.511 292.9514
-11.812 -1.000 45.677 8.599 292.9446
-11.812 -0.938 45.678 8.687 293.2102
-11.812 -0.875 45.680 8.774 293.1233
-11.812 -0.812 45.681 8.862 294.0168
-11.812 -0.750 45.682 8.949 294.6760
-11.812 -0.688 45.683 9.037 295.7395
-11.812 -0.625 45.683 9.124 295.6750
-11.812 -0.562 45.684 9.212 295.6848
-11.812 -0.500 45.685 9.299 295.4270
-11.812 -0.438 45.686 9.387 295.1292
-11.812 -0.375 45.686 9.475 295.1907
-11.812 -0.312 45.686 9.562 295.4231
-11.812 -0.250 45.687 9.650 295.3206
-11.812 -0.188 45.687 9.737 295.2219
-11.812 -0.125 45.687 9.825 294.5579
-11.812 -0.062 45.687 9.912 293.4729
-11.812 0.000 45.688 10.000 293.5247
-11.812 0.062 45.687 10.088 292.4182
-11.812 0.125 45.687 10.175 291.5090
-11.812 0.188 45.687 10.263 290.6633
-11.812 0.250 45.687 10.350 292.4700
-11.812 0.312 45.686 10.438 293.0813
-11.812 0.375 45.686 10.525 291.0510
-11.812 0.438 45.686 10.613 291.8118
-11.812 0.500 45.685 10.701 291.9260
-11.812 0.562 45.684 10.788 289.5881
-11.812 0.625 45.683 10.876 289.7014
-11.812 0.688 45.683 10.963 290.1086
-11.812 0.750 45.682 11.051 287.0833
-11.812 0.812 45.681 11.138 288.8850
-11.812 0.875 45.680 11.226 292.0452
-11.812 0.938 45.678 11.313 293.9651
-11.812 1.000 45.677 11.401 295.2649
-11.812 1.062 45.676 11.489 296.4377
-11.750 -1.188 45.735 8.334 290.8752
-11.750 -1.125 45.737 8.422 291.8928
-11.750 -1.062 45.738 8.509 293.3577
-11.750 -1.000 45.740 8.597 293.1311
-11.750 -0.938 45.741 8.685 293.0520
-11.750 -0.875 45.742 8.772 293.8391
-11.750 -0.812 45.743 8.860 293.3000
-11.750 -0.750 45.744 8.948 293.8450
-11.750 -0.688 45.745 9.035 294.8108
-11.750 -0.625 45.746 9.123 294.8088
-11.750 -0.562 45.747 9.211 294.8958
-11.750 -0.500 45.747 9.298 294.7649
-11.750 -0.438 45.748 9.386 293.9065
-11.750 -0.375 45.749 9.474 293.3059
-11.750 -0.312 45.749 9.562 293.5100
-11.750 -0.250 45.749 9.649 293.1506
-11.750 -0.188 45.750 9.737 292.7180
-11.750 -0.125 45.750 9.825 292.4143
-11.750 -0.062 45.750 9.912 291.2278
-11.750 0.000 45.750 10.000 293.0090
-11.750 0.062 45.750 10.088 291.1077
-11.750 0.125 45.750 10.175 289.3469
-11.750 0.188 45.750 10.263 290.5784
-11.750 0.250 45.749 10.351 291.2258
-11.750 0.312 45.749 10.438 291.1897
-11.750 0.375 45.749 10.526 291.2034
-11.750 0.438 45.748 10.614 289.8586
-11.750 0.500 45.747 10.702 291.4788
-11.750 0.562 45.747 10.789 290.3606
-11.750 0.625 45.746 10.877 288.9045
-11.750 0.688 45.745 10.965 291.6917
-11.750 0.750 45.744 11.052 290.4202
-11.750 0.812 45.743 11.140 288.8157
-11.750 0.875 45.742 11.228 290.7053
-11.750 0.938 45.741 11.315 293.0178
-11.750 1.000 45.740 11.403 293.8000
-11.750 1.062 45.738 11.491 294.8254
-11.688 -1.188 45.798 8.332 290.0754
-11.688 -1.125 45.799 8.420 290.6292
-11.688 -1.062 45.801 8.507 291.3538
-11.688 -1.000 45.802 8.595 292.1565
-11.688 -0.938 45.803 8.683 293.5852
-11.688 -0.875 45.805 8.771 293.3000
-11.688 -0.812 45.806 8.859 293.4417
-11.688 -0.750 45.807 8.946 293.7581
-11.688 -0.688 45.808 9.034 293.9475
-11.688 -0.625 45.808 9.122 292.6682
-11.688 -0.562 45.809 9.210 292.4573
-11.688 -0.500 45.810 9.298 293.8928
-11.688 -0.438 45.811 9.385 293.4622
-11.688 -0.375 45.811 9.473 291.1213
-11.688 -0.312 45.811 9.561 290.9993
-11.688 -0.250 45.812 9.649 291.3088
-11.688 -0.188 45.812 9.737 290.9084
-11.688 -0.125 45.812 9.824 291.2268
-11.688 -0.062 45.812 9.912 291.1223
-11.688 0.000 45.813 10.000 292.2180
-11.688 0.062 45.812 10.088 292.4836
-11.688 0.125 45.812 10.176 289.8215
-11.688 0.188 45.812 10.263 287.9290
-11.688 0.250 45.812 10.351 287.5461
-11.688 0.312 45.811 10.439 289.5422
-11.688 0.375 45.811 10.527 291.2239
-11.688 0.438 45.811 10.615 289.2444
-11.688 0.500 45.810 10.702 289.4622
-11.688 0.562 45.809 10.790 292.2571
-11.688 0.625 45.808 10.878 290.7756
-11.688 0.688 45.808 10.966 292.9290
-11.688 0.750 45.807 11.054 292.7532
-11.688 0.812 45.806 11.141 288.8088
-11.688 0.875 45.805 11.229 288.5520
-11.688 0.938 45.803 11.317 291.5403
-11.688 1.000 45.802 11.405 291.4983
-11.688 1.062 45.801 11.493 289.9963
-11.625 -1.188 45.860 8.330 288.3254
-11.625 -1.125 45.862 8.418 289.2991
-11.625 -1.062 45.863 8.505 289.7249
-11.625 -1.000 45.865 8.593 290.8215
-11.625 -0.938 45.866 8.681 292.6575
-11.625 -0.875 45.867 8.769 290.8938
-11.625 -0.812 45.868 8.857 291.9241
-11.625 -0.750 45.869 8.945 292.1663
-11.625 -0.688 45.870 9.033 291.0823
-11.625 -0.625 45.871 9.121 290.5813
-11.625 -0.562 45.872 9.209 290.3840
-11.625 -0.500 45.872 9.297 291.3450
-11.625 -0.438 45.873 9.385 290.8625
-11.625 -0.375 45.874 9.472 288.6633
-11.625 -0.312 45.874 9.560 289.0520
-11.625 -0.250 45.874 9.648 290.0618
-11.625 -0.188 45.875 9.736 288.8176
-11.625 -0.125 45.875 9.824 288.6282
-11.625 -0.062 45.875 9.912 290.4719
-11.625 0.000 45.875 10.000 289.7268
-11.625 0.062 45.875 10.088 290.2747
-11.625 0.125 45.875 10.176 291.7727
-11.625 0.188 45.875 10.264 288.2249
-11.625 0.250 45.874 10.352 285.3508
-11.625 0.312 45.874 10.440 286.8499
-11.625 0.375 45.874 10.528 288.7317
-11.625 0.438 45.873 10.615 289.8547
-11.625 0.500 45.872 10.703 289.6877
-11.625 0.562 45.872 10.791 290.9661
-11.625 0.625 45.871 10.879 293.1848
-11.625 0.688 45.870 10.967 293.1038
-11.625 0.750 45.869 11.055 293.7395
-11.625 0.812 45.868 11.143 289.5129
-11.625 0.875 45.867 11.231 288.5217
-11.625 0.938 45.866 11.319 289.4504
-11.625 1.000 45.865 11.407 289.8352
-11.625 1.062 45.863 11.495 289.1790
-11.562 -1.188 45.923 8.327 287.1760
-11.562 -1.125 45.924 8.415 289.5110
-11.562 -1.062 45.926 8.503 290.0940
-11.562 -1.000 45.927 8.591 290.9260
-11.562 -0.938 45.928 8.679 291.7688
-11.562 -0.875 45.930 8.767 291.1526
-11.562 -0.812 45.931 8.855 291.9514
-11.562 -0.750 45.932 8.944 291.6946
-11.562 -0.688 45.933 9.032 289.6799
-11.562 -0.625 45.933 9.120 290.2122
-11.562 -0.562 45.934 9.208 292.0842
-11.562 -0.500 45.935 9.296 290.9495
-11.562 -0.438 45.936 9.384 289.1721
-11.562 -0.375 45.936 9.472 287.6223
-11.562 -0.312 45.936 9.560 288.3938
-11.562 -0.250 45.937 9.648 290.0813
-11.562 -0.188 45.937 9.736 287.8811
-11.562 -0.125 45.937 9.824 286.4309
-11.562 -0.062 45.937 9.912 288.4993
-11.562 0.000 45.938 10.000 288.8557
-11.562 0.062 45.937 10.088 287.8167
-11.562 0.125 45.937 10.176 289.7405
-11.562 0.188 45.937 10.264 291.2893
-11.562 0.250 45.937 10.352 287.6174
-11.562 0.312 45.936 10.440 282.9133
-11.562 0.375 45.936 10.528 286.8860
-11.562 0.438 45.936 10.616 289.7874
-11.562 0.500 45.935 10.704 288.8137
-11.562 0.562 45.934 10.792 289.6780
-11.562 0.625 45.933 10.880 292.3362
-11.562 0.688 45.933 10.968 291.3196
-11.562 0.750 45.932 11.056 292.7708
-11.562 0.812 45.931 11.145 290.7776
-11.562 0.875 45.930 11.233 289.4631
-11.562 0.938 45.928 11.321 289.1360
-11.562 1.000 45.927 11.409 287.4846
-11.562 1.062 45.926 11.497 287.0002
-11.500 -1.188 45.985 8.325 287.2053
-11.500 -1.125 45.987 8.413 288.3665
-11.500 -1.062 45.988 8.501 288.5696
-11.500 -1.000 45.990 8.590 289.4680
-11.500 -0.938 45.991 8.678 290.9211
-11.500 -0.875 45.992 8.766 291.7024
-11.500 -0.812 45.993 8.854 291.1174
-11.500 -0.750 45.994 8.942 292.0061
-11.500 -0.688 45.995 9.030 290.9680
-11.500 -0.625 45.996 9.118 290.1555
-11.500 -0.562 45.997 9.207 292.6985
-11.500 -0.500 45.997 9.295 291.8235
-11.500 -0.438 45.998 9.383 288.4338
-11.500 -0.375 45.999 9.471 285.7629
-11.500 -0.312 45.999 9.559 285.9075
-11.500 -0.250 45.999 9.647 287.5364
-11.500 -0.188 46.000 9.736 285.9563
-11.500 -0.125 46.000 9.824 284.1458
-11.500 -0.062 46.000 9.912 285.1965
-11.500 0.000 46.000 10.000 285.9817
-11.500 0.062 46.000 10.088 285.8655
-11.500 0.125 46.000 10.176 286.0110
-11.500 0.188 46.000 10.264 288.8557
-11.500 0.250 45.999 10.353 289.1282
-11.500 0.312 45.999 10.441 283.9905
-11.500 0.375 45.999 10.529 284.5569
-11.500 0.438 45.998 10.617 288.0500
-11.500 0.500 45.997 10.705 289.0256
-11.500 0.562 45.997 10.793 289.9299
-11.500 0.625 45.996 10.882 292.1575
-11.500 0.688 45.995 10.970 291.4729
-11.500 0.750 45.994 11.058 290.9719
-11.500 0.812 45.993 11.146 291.9182
-11.500 0.875 45.992 11.234 292.0364
-11.500 0.938 45.991 11.322 291.3625
-11.500 1.000 45.990 11.410 288.7698
-11.500 1.062 45.988 11.499 287.8792
-11.438 -1.188 46.048 8.323 287.0901
-11.438 -1.125 46.049 8.411 284.2659
-11.438 -1.062 46.051 8.499 284.8792
-11.438 -1.000 46.052 8.588 287.2024
-11.438 -0.938 46.053 8.676 290.4524
-11.438 -0.875 46.055 8.764 290.1467
-11.438 -0.812 46.056 8.852 288.2219
-11.438 -0.750 46.057 8.941 289.6438
-11.438 -0.688 46.058 9.029 289.9104
-11.438 -0.625 46.058 9.117 288.0295
-11.438 -0.562 46.059 9.205 289.8254
-11.438 -0.500 46.060 9.294 291.9270
-11.438 -0.438 46.061 9.382 288.5081
-11.438 -0.375 46.061 9.470 284.6907
-11.438 -0.312 46.061 9.559 285.9192
-11.438 -0.250 46.062 9.647 285.9690
-11.438 -0.188 46.062 9.735 283.8928
-11.438 -0.125 46.062 9.823 283.8743
-11.438 -0.062 46.062 9.912 284.2610
-11.438 0.000 46.063 10.000 283.0637
-11.438 0.062 46.062 10.088 283.7249
-11.438 0.125 46.062 10.177 283.5979
-11.438 0.188 46.062 10.265 285.9524
-11.438 0.250 46.062 10.353 288.3850
-11.438 0.312 46.061 10.441 285.5129
-11.438 0.375 46.061 10.530 282.1116
-11.438 0.438 46.061 10.618 285.6252
-11.438 0.500 46.060 10.706 289.9543
-11.438 0.562 46.059 10.795 289.3840
-11.438 0.625 46.058 10.883 289.8088
-11.438 0.688 46.058 10.971 291.6331
-11.438 0.750 46.057 11.059 292.4495
-11.438 0.812 46.056 11.148 294.6213
-11.438 0.875 46.055 11.236 293.6155
-11.438 0.938 46.053 11.324 289.6956
-11.438 1.000 46.052 11.412 291.0881
-11.438 1.062 46.051 11.501 292.8596
-11.375 -1.188 46.110 8.321 287.4709
-11.375 -1.125 46.112 8.409 285.4075
-11.375 -1.062 46.113 8.497 285.7561
-11.375 -1.000 46.115 8.586 287.2346
-11.375 -0.938 46.116 8.674 288.0647
-11.375 -0.875 46.117 8.762 289.9084
-11.375 -0.812 46.118 8.851 289.8899
-11.375 -0.750 46.119 8.939 288.9934
-11.375 -0.688 46.120 9.028 287.8069
-11.375 -0.625 46.121 9.116 284.9641
-11.375 -0.562 46.122 9.204 287.5266
-11.375 -0.500 46.122 9.293 291.8977
-11.375 -0.438 46.123 9.381 290.7981
-11.375 -0.375 46.124 9.470 288.7825
-11.375 -0.312 46.124 9.558 289.6907
-11.375 -0.250 46.124 9.646 288.7747
-11.375 -0.188 46.125 9.735 287.7756
-11.375 -0.125 46.125 9.823 288.2659
-11.375 -0.062 46.125 9.912 287.8928
-11.375 0.000 46.125 10.000 288.1018
-11.375 0.062 46.125 10.088 287.4534
-11.375 0.125 46.125 10.177 285.3743
-11.375 0.188 46.125 10.265 287.3381
-11.375 0.250 46.124 10.354 287.8860
-11.375 0.312 46.124 10.442 282.2229
-11.375 0.375 46.124 10.530 277.8684
-11.375 0.438 46.123 10.619 283.7971
-11.375 0.500 46.122 10.707 288.3811
-11.375 0.562 46.122 10.796 287.8508
-11.375 0.625 46.121 10.884 284.9924
-11.375 0.688 46.120 10.972 287.8225
-11.375 0.750 46.119 11.061 293.0491
-11.375 0.812 46.118 11.149 294.8215
-11.375 0.875 46.117 11.238 291.8577
-11.375 0.938 46.116 11.326 286.5247
-11.375 1.000 46.115 11.414 286.6750
-11.375 1.062 46.113 11.503 288.5588
-11.312 -1.188 46.173 8.318 287.0842
-11.312 -1.125 46.174 8.407 284.8303
-11.312 -1.062 46.176 8.495 283.7903
-11.312 -1.000 46.177 8.584 285.7493
-11.312 -0.938 46.178 8.672 287.2493
-11.312 -0.875 46.180 8.761 289.8196
-11.312 -0.812 46.181 8.849 289.5510
-11.312 -0.750 46.182 8.938 288.5491
-11.312 -0.688 46.183 9.026 289.3020
-11.312 -0.625 46.183 9.115 286.7141
-11.312 -0.562 46.184 9.203 285.3411
-11.312 -0.500 46.185 9.292 287.2346
-11.312 -0.438 46.186 9.380 291.1350
-11.312 -0.375 46.186 9.469 288.6711
-11.312 -0.312 46.186 9.557 286.5374
-11.312 -0.250 46.187 9.646 288.3293
-11.312 -0.188 46.187 9.734 288.1829
-11.312 -0.125 46.187 9.823 288.9329
-11.312 -0.062 46.187 9.911 289.1907
-11.312 0.000 46.188 10.000 288.0891
-11.312 0.062 46.187 10.089 290.3098
-11.312 0.125 46.187 10.177 289.7014
-11.312 0.188 46.187 10.266 287.4934
-11.312 0.250 46.187 10.354 286.7561
-11.312 0.312 46.186 10.443 283.4836
-11.312 0.375 46.186 10.531 280.8411
-11.312 0.438 46.186 10.620 282.9983
-11.312 0.500 46.185 10.708 284.3489
-11.312 0.562 46.184 10.797 285.7961
-11.312 0.625 46.183 10.885 284.7229
-11.312 0.688 46.183 10.974 285.4631
-11.312 0.750 46.182 11.062 292.2561
-11.312 0.812 46.181 11.151 294.2952
-11.312 0.875 46.180 11.239 291.4260
-11.312 0.938 46.178 11.328 287.7825
-11.312 1.000 46.177 11.416 285.2961
-11.312 1.062 46.176 11.505 283.9182
-11.250 -1.188 46.235 8.316 284.3167
-11.250 -1.125 46.237 8.405 282.3528
-11.250 -1.062 46.238 8.493 281.3928
-11.250 -1.000 46.240 8.582 284.4426
-11.250 -0.938 46.241 8.670 285.5920
-11.250 -0.875 46.242 8.759 286.4895
-11.250 -0.812 46.243 8.848 284.6292
-11.250 -0.750 46.244 8.936 284.9309
-11.250 -0.688 46.245 9.025 288.0725
-11.250 -0.625 46.246 9.114 288.1604
-11.250 -0.562 46.247 9.202 284.2122
-11.250 -0.500 46.247 9.291 284.1858
-11.250 -0.438 46.248 9.380 288.9573
-11.250 -0.375 46.249 9.468 285.9924
-11.250 -0.312 46.249 9.557 282.1477
-11.250 -0.250 46.249 9.645 281.9172
-11.250 -0.188 46.250 9.734 281.2190
-11.250 -0.125 46.250 9.823 283.9700
-11.250 -0.062 46.250 9.911 284.7131
-11.250 0.000 46.250 10.000 282.0442
-11.250 0.062 46.250 10.089 285.5452
-11.250 0.125 46.250 10.177 288.3889
-11.250 0.188 46.250 10.266 287.4163
-11.250 0.250 46.249 10.355 285.9641
-11.250 0.312 46.249 10.443 286.1721
-11.250 0.375 46.249 10.532 285.0295
-11.250 0.438 46.248 10.620 283.2981
-11.250 0.500 46.247 10.709 285.6750
-11.250 0.562 46.247 10.798 286.2571
-11.250 0.625 46.246 10.886 284.9885
-11.250 0.688 46.245 10.975 286.6594
-11.250 0.750 46.244 11.064 292.3333
-11.250 0.812 46.243 11.152 293.1985
-11.250 0.875 46.242 11.241 291.6653
-11.250 0.938 46.241 11.330 289.5305
-11.250 1.000 46.240 11.418 288.2463
-11.250 1.062 46.238 11.507 288.0208
-11.188 -1.188 46.298 8.314 280.9045
-11.188 -1.125 46.299 8.403 281.9680
-11.188 -1.062 46.301 8.491 282.8821
-11.188 -1.000 46.302 8.580 284.4944
-11.188 -0.938 46.303 8.669 285.1233
-11.188 -0.875 46.304 8.757 283.3303
-11.188 -0.812 46.306 8.846 283.8704
-11.188 -0.750 46.307 8.935 286.5803
-11.188 -0.688 46.308 9.024 285.5217
-11.188 -0.625 46.308 9.112 284.1565
-11.188 -0.562 46.309 9.201 284.8333
-11.188 -0.500 46.310 9.290 285.1467
-11.188 -0.438 46.310 9.379 286.8948
-11.188 -0.375 46.311 9.467 286.2190
-11.188 -0.312 46.311 9.556 283.8860
-11.188 -0.250 46.312 9.645 280.9221
-11.188 -0.188 46.312 9.734 278.9573
-11.188 -0.125 46.312 9.822 280.0735
-11.188 -0.062 46.312 9.911 278.0667
-11.188 0.000 46.312 10.000 282.5461
-11.188 0.062 46.312 10.089 284.7297
-11.188 0.125 46.312 10.178 283.7981
-11.188 0.188 46.312 10.266 286.3313
-11.188 0.250 46.312 10.355 285.5696
-11.188 0.312 46.311 10.444 281.5764
-11.188 0.375 46.311 10.533 282.3459
-11.188 0.438 46.310 10.621 284.9944
-11.188 0.500 46.310 10.710 286.9543
-11.188 0.562 46.309 10.799 287.2083
-11.188 0.625 46.308 10.888 286.6653
-11.188 0.688 46.308 10.976 289.5637
-11.188 0.750 46.307 11.065 291.8313
-11.188 0.812 46.306 11.154 290.4094
-11.188 0.875 46.304 11.243 291.8909
-11.188 0.938 46.303 11.331 290.7571
-11.188 1.000 46.302 11.420 287.9280
-11.188 1.062 46.301 11.509 287.6838
-11.125 -1.188 46.360 8.312 276.7522
-11.125 -1.125 46.362 8.400 279.1702
-11.125 -1.062 46.363 8.489 282.0920
-11.125 -1.000 46.365 8.578 282.7502
-11.125 -0.938 46.366 8.667 283.0403
-11.125 -0.875 46.367 8.756 281.0413
-11.125 -0.812 46.368 8.845 285.1741
-11.125 -0.750 46.369 8.933 290.0647
-11.125 -0.688 46.370 9.022 285.3176
-11.125 -0.625 46.371 9.111 282.3782
-11.125 -0.562 46.372 9.200 284.2834
-11.125 -0.500 46.372 9.289 284.2834
-11.125 -0.438 46.373 9.378 282.5364
-11.125 -0.375 46.374 9.467 281.6555
-11.125 -0.312 46.374 9.556 281.2151
-11.125 -0.250 46.374 9.644 282.6057
-11.125 -0.188 46.375 9.733 283.1370
-11.125 -0.125 46.375 9.822 275.5266
-11.125 -0.062 46.375 9.911 274.3323
-11.125 0.000 46.375 10.000 282.6770
-11.125 0.062 46.375 10.089 284.3137
-11.125 0.125 46.375 10.178 281.3069
-11.125 0.188 46.375 10.267 282.5100
-11.125 0.250 46.374 10.356 283.8020
-11.125 0.312 46.374 10.444 280.8293
-11.125 0.375 46.374 10.533 278.0559
-11.125 0.438 46.373 10.622 281.3059
-11.125 0.500 46.372 10.711 284.4993
-11.125 0.562 46.372 10.800 286.2190
-11.125 0.625 46.371 10.889 286.3538
-11.125 0.688 46.370 10.978 290.2190
-11.125 0.750 46.369 11.067 291.5920
-11.125 0.812 46.368 11.155 289.9094
-11.125 0.875 46.367 11.244 293.1711
-11.125 0.938 46.366 11.333 292.3420
-11.125 1.000 46.365 11.422 286.5198
-11.125 1.062 46.363 11.511 285.8303
-11.062 -1.188 46.423 8.309 276.7258
-11.062 -1.125 46.424 8.398 277.4514
-11.062 -1.062 46.426 8.487 279.5569
-11.062 -1.000 46.427 8.576 280.4026
-11.062 -0.938 46.428 8.665 281.9104
-11.062 -0.875 46.429 8.754 283.2834
-11.062 -0.812 46.431 8.843 285.4055
-11.062 -0.750 46.432 8.932 286.8245
-11.062 -0.688 46.433 9.021 283.5754
-11.062 -0.625 46.433 9.110 281.0042
-11.062 -0.562 46.434 9.199 282.0872
-11.062 -0.500 46.435 9.288 281.7268
-11.062 -0.438 46.435 9.377 280.1614
-11.062 -0.375 46.436 9.466 279.3235
-11.062 -0.312 46.436 9.555 279.4690
-11.062 -0.250 46.437 9.644 281.6262
-11.062 -0.188 46.437 9.733 283.0706
-11.062 -0.125 46.437 9.822 277.9202
-11.062 -0.062 46.437 9.911 277.7971
-11.062 0.000 46.438 10.000 281.9895
-11.062 0.062 46.437 10.089 281.7532
-11.062 0.125 46.437 10.178 281.9739
-11.062 0.188 46.437 10.267 283.6858
-11.062 0.250 46.437 10.356 285.0354
-11.062 0.312 46.436 10.445 283.8557
-11.062 0.375 46.436 10.534 280.3000
-11.062 0.438 46.435 10.623 276.7102
-11.062 0.500 46.435 10.712 281.6008
-11.062 0.562 46.434 10.801 283.7346
-11.062 0.625 46.433 10.890 284.3450
-11.062 0.688 46.433 10.979 286.8049
-11.062 0.750 46.432 11.068 289.2610
-11.062 0.812 46.431 11.157 289.5530
-11.062 0.875 46.429 11.246 293.2307
-11.062 0.938 46.428 11.335 293.2229
-11.062 1.000 46.427 11.424 289.3860
-11.062 1.062 46.426 11.513 287.8538
-11.000 -1.188 46.485 8.307 280.4514
-11.000 -1.125 46.487 8.396 280.2649
-11.000 -1.062 46.488 8.485 279.3264
-11.000 -1.000 46.490 8.574 280.2610
-11.000 -0.938 46.491 8.663 283.0647
-11.000 -0.875 46.492 8.752 283.7815
-11.000 -0.812 46.493 8.841 283.7034
-11.000 -0.750 46.494 8.931 284.3850
-11.000 -0.688 46.495 9.020 280.8372
-11.000 -0.625 46.496 9.109 278.8567
-11.000 -0.562 46.497 9.198 280.9348
-11.000 -0.500 46.497 9.287 281.0061
-11.000 -0.438 46.498 9.376 281.7844
-11.000 -0.375 46.499 9.465 282.3625
-11.000 -0.312 46.499 9.554 283.0266
-11.000 -0.250 46.499 9.643 282.2083
-11.000 -0.188 46.500 9.733 280.5422
-11.000 -0.125 46.500 9.822 282.9290
-11.000 -0.062 46.500 9.911 284.3059
-11.000 0.000 46.500 10.000 282.4817
-11.000 0.062 46.500 10.089 282.2102
-11.000 0.125 46.500 10.178 283.0432
-11.000 0.188 46.500 10.267 283.7922
-11.000 0.250 46.499 10.357 283.3782
-11.000 0.312 46.499 10.446 280.3303
-11.000 0.375 46.499 10.535 280.1848
-11.000 0.438 46.498 10.624 279.6106
-11.000 0.500 46.497 10.713 281.7375
-11.000 0.562 46.497 10.802 282.9475
-11.000 0.625 46.496 10.891 284.0735
-11.000 0.688 46.495 10.980 285.0803
-11.000 0.750 46.494 11.069 286.6389
-11.000 0.812 46.493 11.159 288.9250
-11.000 0.875 46.492 11.248 292.7971
-11.000 0.938 46.491 11.337 293.5608
-11.000 1.000 46.490 11.426 292.1331
-11.000 1.062 46.488 11.515 289.0989
-10.938 -1.188 46.548 8.305 276.1301
-10.938 -1.125 46.549 8.394 278.0129
-10.938 -1.062 46.551 8.483 280.4338
-10.938 -1.000 46.552 8.572 281.2737
-10.938 -0.938 46.553 8.661 281.5999
-10.938 -0.875 46.554 8.751 280.2346
-10.938 -0.812 46.556 8.840 280.1409
-10.938 -0.750 46.557 8.929 281.2854
-10.938 -0.688 46.558 9.018 280.6711
-10.938 -0.625 46.558 9.108 281.6116
-10.938 -0.562 46.559 9.197 282.6370
-10.938 -0.500 46.560 9.286 282.4202
-10.938 -0.438 46.560 9.375 283.4465
-10.938 -0.375 46.561 9.465 282.9270
-10.938 -0.312 46.561 9.554 284.1487
-10.938 -0.250 46.562 9.643 284.2268
-10.938 -0.188 46.562 9.732 280.9377
-10.938 -0.125 46.562 9.822 282.0588
-10.938 -0.062 46.562 9.911 283.9270
-10.938 0.000 46.562 10.000 283.6526
-10.938 0.062 46.562 10.089 283.4055
-10.938 0.125 46.562 10.178 283.2893
-10.938 0.188 46.562 10.268 281.9719
-10.938 0.250 46.562 10.357 280.6282
-10.938 0.312 46.561 10.446 280.3518
-10.938 0.375 46.561 10.535 284.8098
-10.938 0.438 46.560 10.625 284.1526
-10.938 0.500 46.560 10.714 284.0403
-10.938 0.562 46.559 10.803 285.5667
-10.938 0.625 46.558 10.892 285.7170
-10.938 0.688 46.558 10.982 285.5442
-10.938 0.750 46.557 11.071 286.9709
-10.938 0.812 46.556 11.160 290.0510
-10.938 0.875 46.554 11.249 291.5647
-10.938 0.938 46.553 11.339 289.9749
-10.938 1.000 46.552 11.428 289.8323
-10.938 1.062 46.551 11.517 289.0940
-10.875 -1.188 46.610 8.302 275.6038
-10.875 -1.125 46.612 8.392 274.8577
-10.875 -1.062 46.613 8.481 280.0139
-10.875 -1.000 46.614 8.570 283.0168
-10.875 -0.938 46.616 8.660 280.9338
-10.875 -0.875 46.617 8.749 281.4280
-10.875 -0.812 46.618 8.838 282.1819
-10.875 -0.750 46.619 8.928 279.9924
-10.875 -0.688 46.620 9.017 280.4006
-10.875 -0.625 46.621 9.106 284.2043
-10.875 -0.562 46.622 9.196 284.8215
-10.875 -0.500 46.622 9.285 283.4749
-10.875 -0.438 46.623 9.374 284.7815
-10.875 -0.375 46.624 9.464 286.5647
-10.875 -0.312 46.624 9.553 288.2395
-10.875 -0.250 46.624 9.643 288.2141
-10.875 -0.188 46.625 9.732 286.1282
-10.875 -0.125 46.625 9.821 283.1477
-10.875 -0.062 46.625 9.911 282.7844
-10.875 0.000 46.625 10.000 284.7473
-10.875 0.062 46.625 10.089 284.9475
-10.875 0.125 46.625 10.179 284.4426
-10.875 0.188 46.625 10.268 283.9670
-10.875 0.250 46.624 10.357 283.9690
-10.875 0.312 46.624 10.447 285.1487
-10.875 0.375 46.624 10.536 287.0032
-10.875 0.438 46.623 10.626 288.3684
-10.875 0.500 46.622 10.715 287.3157
-10.875 0.562 46.622 10.804 287.3938
-10.875 0.625 46.621 10.894 287.1907
-10.875 0.688 46.620 10.983 286.4065
-10.875 0.750 46.619 11.072 289.4182
-10.875 0.812 46.618 11.162 292.4153
-10.875 0.875 46.617 11.251 289.0793
-10.875 0.938 46.616 11.340 286.2092
-10.875 1.000 46.614 11.430 286.2717
-10.875 1.062 46.613 11.519 288.6760
-10.812 -1.188 46.673 8.300 282.8127
-10.812 -1.125 46.674 8.389 275.4114
-10.812 -1.062 46.676 8.479 280.0618
-10.812 -1.000 46.677 8.568 285.2170
-10.812 -0.938 46.678 8.658 284.4778
-10.812 -0.875 46.679 8.747 283.3684
-10.812 -0.812 46.681 8.837 286.2063
-10.812 -0.750 46.682 8.926 286.6750
-10.812 -0.688 46.683 9.016 284.8831
-10.812 -0.625 46.683 9.105 286.6848
-10.812 -0.562 46.684 9.195 288.3586
-10.812 -0.500 46.685 9.284 284.9250
-10.812 -0.438 46.685 9.374 287.0129
-10.812 -0.375 46.686 9.463 291.6516
-10.812 -0.312 46.686 9.553 289.0774
-10.812 -0.250 46.687 9.642 287.0413
-10.812 -0.188 46.687 9.732 287.0852
-10.812 -0.125 46.687 9.821 285.0364
-10.812 -0.062 46.687 9.911 281.9231
-10.812 0.000 46.688 10.000 283.6614
-10.812 0.062 46.687 10.089 286.3137
-10.812 0.125 46.687 10.179 284.8840
-10.812 0.188 46.687 10.268 283.3557
-10.812 0.250 46.687 10.358 283.3665
-10.812 0.312 46.686 10.447 283.5227
-10.812 0.375 46.686 10.537 287.1360
-10.812 0.438 46.685 10.626 287.0559
-10.812 0.500 46.685 10.716 283.8772
-10.812 0.562 46.684 10.805 284.5422
-10.812 0.625 46.683 10.895 286.2200
-10.812 0.688 46.683 10.984 285.2346
-10.812 0.750 46.682 11.074 287.9807
-10.812 0.812 46.681 11.163 290.9573
-10.812 0.875 46.679 11.253 286.9231
-10.812 0.938 46.678 11.342 285.9329
-10.812 1.000 46.677 11.432 285.7922
-10.812 1.062 46.676 11.521 286.0872
