-12.875 -1.188 44.611 8.374 292.2419
-12.875 -1.125 44.612 8.459 291.4919
-12.875 -1.062 44.614 8.545 293.0662
-12.875 -1.000 44.615 8.630 294.2380
-12.875 -0.938 44.616 8.716 293.4128
-12.875 -0.875 44.617 8.802 291.8181
-12.875 -0.812 44.618 8.887 290.2927
-12.875 -0.750 44.619 8.973 288.9412
-12.875 -0.688 44.620 9.058 289.1169
-12.875 -0.625 44.621 9.144 286.6775
-12.875 -0.562 44.622 9.230 287.4001
-12.875 -0.500 44.622 9.315 290.4314
-12.875 -0.438 44.623 9.401 288.6189
-12.875 -0.375 44.624 9.486 286.8191
-12.875 -0.312 44.624 9.572 287.2058
-12.875 -0.250 44.624 9.658 288.0339
-12.875 -0.188 44.625 9.743 289.3298
-12.875 -0.125 44.625 9.829 289.8718
-12.875 -0.062 44.625 9.914 291.5281
-12.875 0.000 44.625 10.000 293.7419
-12.875 0.062 44.625 10.086 292.7019
-12.875 0.125 44.625 10.171 292.8826
-12.875 0.188 44.625 10.257 294.6492
-12.875 0.250 44.624 10.342 295.7087
-12.875 0.312 44.624 10.428 296.2078
-12.875 0.375 44.624 10.514 296.6648
-12.875 0.438 44.623 10.599 297.4363
-12.875 0.500 44.622 10.685 297.2781
-12.875 0.562 44.622 10.770 298.3601
-12.875 0.625 44.621 10.856 298.2996
-12.875 0.688 44.620 10.942 297.7839
-12.875 0.750 44.619 11.027 298.2322
-12.875 0.812 44.618 11.113 298.6951
-12.875 0.875 44.617 11.198 298.8044
-12.875 0.938 44.616 11.284 298.6833
-12.875 1.000 44.615 11.370 298.5261
-12.875 1.062 44.614 11.455 298.6941
-12.812 -1.188 44.673 8.372 294.0496
-12.812 -1.125 44.675 8.457 294.6013
-12.812 -1.062 44.676 8.543 293.7400
-12.812 -1.000 44.677 8.629 293.9304
-12.812 -0.938 44.679 8.714 293.6335
-12.812 -0.875 44.680 8.800 294.1824
-12.812 -0.812 44.681 8.886 292.8396
-12.812 -0.750 44.682 8.971 290.9919
-12.812 -0.688 44.683 9.057 288.7458
-12.812 -0.625 44.684 9.143 286.6941
-12.812 -0.562 44.684 9.229 286.3103
-12.812 -0.500 44.685 9.314 289.9636
-12.812 -0.438 44.686 9.400 289.1687
-12.812 -0.375 44.686 9.486 288.2273
-12.812 -0.312 44.687 9.571 289.1716
-12.812 -0.250 44.687 9.657 288.2878
-12.812 -0.188 44.687 9.743 289.0710
-12.812 -0.125 44.687 9.829 291.1501
-12.812 -0.062 44.687 9.914 292.9861
-12.812 0.000 44.688 10.000 295.0037
-12.812 0.062 44.687 10.086 295.8582
-12.812 0.125 44.687 10.171 296.0222
-12.812 0.188 44.687 10.257 296.3630
-12.812 0.250 44.687 10.343 296.5320
-12.812 0.312 44.687 10.429 296.5193
-12.812 0.375 44.686 10.514 297.4021
-12.812 0.438 44.686 10.600 297.5779
-12.812 0.500 44.685 10.686 297.8240
-12.812 0.562 44.684 10.771 297.7722
-12.812 0.625 44.684 10.857 297.3679
-12.812 0.688 44.683 10.943 296.7283
-12.812 0.750 44.682 11.029 297.6609
-12.812 0.812 44.681 11.114 297.9050
-12.812 0.875 44.680 11.200 298.0554
-12.812 0.938 44.679 11.286 297.4421
-12.812 1.000 44.677 11.371 298.1570
-12.812 1.062 44.676 11.457 298.5759
-12.750 -1.188 44.736 8.369 293.9333
-12.750 -1.125 44.737 8.455 294.8933
-12.750 -1.062 44.739 8.541 294.7039
-12.750 -1.000 44.740 8.627 293.9861
-12.750 -0.938 44.741 8.713 294.4871
-12.750 -0.875 44.742 8.798 293.7937
-12.750 -0.812 44.743 8.884 294.3552
-12.750 -0.750 44.744 8.970 291.5525
-12.750 -0.688 44.745 9.056 289.1599
-12.750 -0.625 44.746 9.142 287.1218
-12.750 -0.562 44.747 9.228 286.4246
-12.750 -0.500 44.747 9.313 289.5076
-12.750 -0.438 44.748 9.399 289.7166
-12.750 -0.375 44.749 9.485 288.6121
-12.750 -0.312 44.749 9.571 289.8611
-12.750 -0.250 44.749 9.657 290.6638
-12.750 -0.188 44.750 9.742 291.4792
-12.750 -0.125 44.750 9.828 292.8875
-12.750 -0.062 44.750 9.914 293.7058
-12.750 0.000 44.750 10.000 294.9050
-12.750 0.062 44.750 10.086 296.5925
-12.750 0.125 44.750 10.172 297.2996
-12.750 0.188 44.750 10.258 297.2214
-12.750 0.250 44.749 10.343 297.2478
-12.750 0.312 44.749 10.429 297.7048
-12.750 0.375 44.749 10.515 298.0466
-12.750 0.438 44.748 10.601 297.8083
-12.750 0.500 44.747 10.687 297.6677
-12.750 0.562 44.747 10.772 297.1941
-12.750 0.625 44.746 10.858 297.1423
-12.750 0.688 44.745 10.944 297.1775
-12.750 0.750 44.744 11.030 297.4919
-12.750 0.812 44.743 11.116 297.7048
-12.750 0.875 44.742 11.202 297.8181
-12.750 0.938 44.741 11.287 297.9539
-12.750 1.000 44.740 11.373 297.8162
-12.750 1.062 44.739 11.459 297.5828
-12.688 -1.188 44.798 8.367 294.6160
-12.688 -1.125 44.800 8.453 294.4587
-12.688 -1.062 44.801 8.539 294.1443
-12.688 -1.000 44.802 8.625 295.0398
-12.688 -0.938 44.804 8.711 296.0564
-12.688 -0.875 44.805 8.797 294.3513
-12.688 -0.812 44.806 8.883 294.9460
-12.688 -0.750 44.807 8.969 293.5632
-12.688 -0.688 44.808 9.055 292.2664
-12.688 -0.625 44.809 9.141 290.0623
-12.688 -0.562 44.809 9.226 288.2585
-12.688 -0.500 44.810 9.312 287.9050
-12.688 -0.438 44.811 9.398 290.3582
-12.688 -0.375 44.811 9.484 291.0535
-12.688 -0.312 44.812 9.570 291.7195
-12.688 -0.250 44.812 9.656 293.2371
-12.688 -0.188 44.812 9.742 293.7351
-12.688 -0.125 44.812 9.828 295.5173
-12.688 -0.062 44.812 9.914 295.6755
-12.688 0.000 44.812 10.000 295.8806
-12.688 0.062 44.812 10.086 297.1062
-12.688 0.125 44.812 10.172 297.2888
-12.688 0.188 44.812 10.258 297.2429
-12.688 0.250 44.812 10.344 296.8757
-12.688 0.312 44.812 10.430 297.3406
-12.688 0.375 44.811 10.516 297.5037
-12.688 0.438 44.811 10.602 297.7039
-12.688 0.500 44.810 10.688 297.1853
-12.688 0.562 44.809 10.774 297.0798
-12.688 0.625 44.809 10.859 296.7117
-12.688 0.688 44.808 10.945 297.0095
-12.688 0.750 44.807 11.031 297.3328
-12.688 0.812 44.806 11.117 297.5544
-12.688 0.875 44.805 11.203 297.5603
-12.688 0.938 44.804 11.289 297.5134
-12.688 1.000 44.802 11.375 297.4695
-12.688 1.062 44.801 11.461 297.2527
-12.625 -1.188 44.861 8.365 295.6023
-12.625 -1.125 44.862 8.451 295.7410
-12.625 -1.062 44.864 8.537 295.5154
-12.625 -1.000 44.865 8.623 296.0281
-12.625 -0.938 44.866 8.709 296.8064
-12.625 -0.875 44.867 8.795 295.1775
-12.625 -0.812 44.868 8.881 295.9949
-12.625 -0.750 44.869 8.967 295.1033
-12.625 -0.688 44.870 9.053 293.5193
-12.625 -0.625 44.871 9.139 291.3552
-12.625 -0.562 44.872 9.225 289.8865
-12.625 -0.500 44.872 9.312 289.6287
-12.625 -0.438 44.873 9.398 291.6697
-12.625 -0.375 44.874 9.484 292.4294
-12.625 -0.312 44.874 9.570 293.4753
-12.625 -0.250 44.874 9.656 294.7810
-12.625 -0.188 44.875 9.742 296.2332
-12.625 -0.125 44.875 9.828 296.9880
-12.625 -0.062 44.875 9.914 296.7976
-12.625 0.000 44.875 10.000 297.1541
-12.625 0.062 44.875 10.086 297.3328
-12.625 0.125 44.875 10.172 297.3474
-12.625 0.188 44.875 10.258 296.9333
-12.625 0.250 44.874 10.344 297.5281
-12.625 0.312 44.874 10.430 297.5574
-12.625 0.375 44.874 10.516 297.0925
-12.625 0.438 44.873 10.602 296.5935
-12.625 0.500 44.872 10.688 296.9480
-12.625 0.562 44.872 10.775 296.7253
-12.625 0.625 44.871 10.861 296.3025
-12.625 0.688 44.870 10.947 296.6550
-12.625 0.750 44.869 11.033 297.0115
-12.625 0.812 44.868 11.119 297.0447
-12.625 0.875 44.867 11.205 296.8562
-12.625 0.938 44.866 11.291 297.1179
-12.625 1.000 44.865 11.377 296.7019
-12.625 1.062 44.864 11.463 295.4910
-12.562 -1.188 44.923 8.363 295.4773
-12.562 -1.125 44.925 8.449 295.7107
-12.562 -1.062 44.926 8.535 295.9978
-12.562 -1.000 44.927 8.621 296.1902
-12.562 -0.938 44.929 8.707 296.8093
-12.562 -0.875 44.930 8.794 296.6697
-12.562 -0.812 44.931 8.880 295.8044
-12.562 -0.750 44.932 8.966 296.1238
-12.562 -0.688 44.933 9.052 294.4080
-12.562 -0.625 44.934 9.138 292.5281
-12.562 -0.562 44.934 9.224 292.9382
-12.562 -0.500 44.935 9.311 292.4324
-12.562 -0.438 44.936 9.397 293.9578
-12.562 -0.375 44.936 9.483 294.5515
-12.562 -0.312 44.937 9.569 295.6296
-12.562 -0.250 44.937 9.655 296.7029
-12.562 -0.188 44.937 9.741 297.4744
-12.562 -0.125 44.937 9.828 297.9402
-12.562 -0.062 44.937 9.914 297.3689
-12.562 0.000 44.937 10.000 296.7791
-12.562 0.062 44.937 10.086 297.1560
-12.562 0.125 44.937 10.172 297.2927
-12.562 0.188 44.937 10.259 296.6013
-12.562 0.250 44.937 10.345 297.8074
-12.562 0.312 44.937 10.431 297.6599
-12.562 0.375 44.936 10.517 297.1169
-12.562 0.438 44.936 10.603 296.6023
-12.562 0.500 44.935 10.689 296.2009
-12.562 0.562 44.934 10.776 295.1687
-12.562 0.625 44.934 10.862 296.4382
-12.562 0.688 44.933 10.948 296.4802
-12.562 0.750 44.932 11.034 296.6531
-12.562 0.812 44.931 11.120 296.9275
-12.562 0.875 44.930 11.206 296.8787
-12.562 0.938 44.929 11.293 296.4558
-12.562 1.000 44.927 11.379 295.4285
-12.562 1.062 44.926 11.465 296.4187
-12.500 -1.188 44.986 8.361 294.7361
-12.500 -1.125 44.987 8.447 294.6589
-12.500 -1.062 44.989 8.533 295.6150
-12.500 -1.000 44.990 8.619 295.5925
-12.500 -0.938 44.991 8.706 296.2371
-12.500 -0.875 44.992 8.792 297.7351
-12.500 -0.812 44.993 8.878 297.7488
-12.500 -0.750 44.994 8.965 296.7087
-12.500 -0.688 44.995 9.051 295.8826
-12.500 -0.625 44.996 9.137 295.2136
-12.500 -0.562 44.997 9.223 294.7136
-12.500 -0.500 44.997 9.310 294.0554
-12.500 -0.438 44.998 9.396 295.5066
-12.500 -0.375 44.999 9.482 296.6423
-12.500 -0.312 44.999 9.569 297.4353
-12.500 -0.250 44.999 9.655 297.6121
-12.500 -0.188 45.000 9.741 297.1882
-12.500 -0.125 45.000 9.827 297.6863
-12.500 -0.062 45.000 9.914 297.2966
-12.500 0.000 45.000 10.000 297.2322
-12.500 0.062 45.000 10.086 297.2048
-12.500 0.125 45.000 10.173 297.4226
-12.500 0.188 45.000 10.259 297.6091
-12.500 0.250 44.999 10.345 297.7136
-12.500 0.312 44.999 10.431 297.2087
-12.500 0.375 44.999 10.518 296.7048
-12.500 0.438 44.998 10.604 296.4714
-12.500 0.500 44.997 10.690 295.7400
-12.500 0.562 44.997 10.777 295.7546
-12.500 0.625 44.996 10.863 295.7908
-12.500 0.688 44.995 10.949 295.5662
-12.500 0.750 44.994 11.035 295.4705
-12.500 0.812 44.993 11.122 296.3777
-12.500 0.875 44.992 11.208 296.3914
-12.500 0.938 44.991 11.294 296.0740
-12.500 1.000 44.990 11.381 295.6921
-12.500 1.062 44.989 11.467 295.5427
-12.438 -1.188 45.048 8.359 294.4685
-12.438 -1.125 45.050 8.445 294.8474
-12.438 -1.062 45.051 8.531 295.9666
-12.438 -1.000 45.052 8.618 296.1394
-12.438 -0.938 45.054 8.704 296.4783
-12.438 -0.875 45.055 8.790 297.1990
-12.438 -0.812 45.056 8.877 297.1589
-12.438 -0.750 45.057 8.963 296.5662
-12.438 -0.688 45.058 9.050 295.6658
-12.438 -0.625 45.059 9.136 296.0955
-12.438 -0.562 45.059 9.222 295.9871
-12.438 -0.500 45.060 9.309 295.7419
-12.438 -0.438 45.061 9.395 297.0964
-12.438 -0.375 45.061 9.482 297.3992
-12.438 -0.312 45.062 9.568 297.4958
-12.438 -0.250 45.062 9.654 297.3708
-12.438 -0.188 45.062 9.741 297.2214
-12.438 -0.125 45.062 9.827 297.4783
-12.438 -0.062 45.062 9.914 297.6970
-12.438 0.000 45.062 10.000 297.4587
-12.438 0.062 45.062 10.086 297.4216
-12.438 0.125 45.062 10.173 297.3132
-12.438 0.188 45.062 10.259 297.0681
-12.438 0.250 45.062 10.346 296.8708
-12.438 0.312 45.062 10.432 295.6316
-12.438 0.375 45.061 10.518 296.5837
-12.438 0.438 45.061 10.605 296.4656
-12.438 0.500 45.060 10.691 296.0515
-12.438 0.562 45.059 10.778 295.5466
-12.438 0.625 45.059 10.864 295.5701
-12.438 0.688 45.058 10.950 295.4802
-12.438 0.750 45.057 11.037 295.7869
-12.438 0.812 45.056 11.123 296.0701
-12.438 0.875 45.055 11.210 296.0203
-12.438 0.938 45.054 11.296 295.8513
-12.438 1.000 45.052 11.382 295.7722
-12.438 1.062 45.051 11.469 294.3533
-12.375 -1.188 45.111 8.356 293.0955
-12.375 -1.125 45.112 8.443 294.5251
-12.375 -1.062 45.113 8.529 295.9333
-12.375 -1.000 45.115 8.616 295.1658
-12.375 -0.938 45.116 8.702 296.2751
-12.375 -0.875 45.117 8.789 296.6091
-12.375 -0.812 45.118 8.875 296.2361
-12.375 -0.750 45.119 8.962 296.2048
-12.375 -0.688 45.120 9.048 296.4910
-12.375 -0.625 45.121 9.135 296.7820
-12.375 -0.562 45.122 9.221 296.9314
-12.375 -0.500 45.122 9.308 297.1404
-12.375 -0.438 45.123 9.394 297.7322
-12.375 -0.375 45.124 9.481 297.6121
-12.375 -0.312 45.124 9.567 297.0447
-12.375 -0.250 45.124 9.654 296.5681
-12.375 -0.188 45.125 9.740 296.7058
-12.375 -0.125 45.125 9.827 297.4314
-12.375 -0.062 45.125 9.913 297.6160
-12.375 0.000 45.125 10.000 297.3806
-12.375 0.062 45.125 10.087 296.9871
-12.375 0.125 45.125 10.173 296.9802
-12.375 0.188 45.125 10.260 296.7703
-12.375 0.250 45.124 10.346 296.6062
-12.375 0.312 45.124 10.433 295.2048
-12.375 0.375 45.124 10.519 296.2449
-12.375 0.438 45.123 10.606 296.3884
-12.375 0.500 45.122 10.692 295.9050
-12.375 0.562 45.122 10.779 295.6794
-12.375 0.625 45.121 10.865 295.6658
-12.375 0.688 45.120 10.952 295.5164
-12.375 0.750 45.119 11.038 295.3923
-12.375 0.812 45.118 11.125 295.2849
-12.375 0.875 45.117 11.211 294.0730
-12.375 0.938 45.116 11.298 294.8699
-12.375 1.000 45.115 11.384 295.0769
-12.375 1.062 45.113 11.471 295.4763
-12.312 -1.188 45.173 8.354 294.7000
-12.312 -1.125 45.175 8.441 294.3162
-12.312 -1.062 45.176 8.527 294.2478
-12.312 -1.000 45.177 8.614 295.3210
-12.312 -0.938 45.179 8.701 295.7693
-12.312 -0.875 45.180 8.787 295.7996
-12.312 -0.812 45.181 8.874 295.7419
-12.312 -0.750 45.182 8.960 296.0388
-12.312 -0.688 45.183 9.047 296.2527
-12.312 -0.625 45.184 9.134 296.2771
-12.312 -0.562 45.184 9.220 296.6091
-12.312 -0.500 45.185 9.307 296.9119
-12.312 -0.438 45.186 9.394 297.1453
-12.312 -0.375 45.186 9.480 297.0593
-12.312 -0.312 45.187 9.567 296.3357
-12.312 -0.250 45.187 9.653 296.5818
-12.312 -0.188 45.187 9.740 296.7839
-12.312 -0.125 45.187 9.827 297.1130
-12.312 -0.062 45.187 9.913 297.2878
-12.312 0.000 45.188 10.000 296.7986
-12.312 0.062 45.187 10.087 296.1541
-12.312 0.125 45.187 10.173 296.6042
-12.312 0.188 45.187 10.260 296.4900
-12.312 0.250 45.187 10.347 296.1541
-12.312 0.312 45.187 10.433 295.5300
-12.312 0.375 45.186 10.520 295.4988
-12.312 0.438 45.186 10.606 295.7214
-12.312 0.500 45.185 10.693 295.3562
-12.312 0.562 45.184 10.780 295.1873
-12.312 0.625 45.184 10.866 294.8357
-12.312 0.688 45.183 10.953 295.0740
-12.312 0.750 45.182 11.040 294.3640
-12.312 0.812 45.181 11.126 294.2751
-12.312 0.875 45.180 11.213 295.1189
-12.312 0.938 45.179 11.299 294.3591
-12.312 1.000 45.177 11.386 294.4792
-12.312 1.062 45.176 11.473 295.0095
-12.250 -1.188 45.236 8.352 294.5076
-12.250 -1.125 45.237 8.439 294.1599
-12.250 -1.062 45.238 8.525 293.4119
-12.250 -1.000 45.240 8.612 295.0681
-12.250 -0.938 45.241 8.699 294.1101
-12.250 -0.875 45.242 8.786 295.5486
-12.250 -0.812 45.243 8.872 295.3279
-12.250 -0.750 45.244 8.959 295.3728
-12.250 -0.688 45.245 9.046 293.7703
-12.250 -0.625 45.246 9.132 293.8044
-12.250 -0.562 45.247 9.219 295.5164
-12.250 -0.500 45.247 9.306 296.5203
-12.250 -0.438 45.248 9.393 296.4070
-12.250 -0.375 45.249 9.479 296.1941
-12.250 -0.312 45.249 9.566 296.2039
-12.250 -0.250 45.249 9.653 296.4275
-12.250 -0.188 45.250 9.740 296.5789
-12.250 -0.125 45.250 9.826 296.7126
-12.250 -0.062 45.250 9.913 296.4949
-12.250 0.000 45.250 10.000 296.8015
-12.250 0.062 45.250 10.087 296.4304
-12.250 0.125 45.250 10.174 296.0613
-12.250 0.188 45.250 10.260 296.1892
-12.250 0.250 45.249 10.347 295.7488
-12.250 0.312 45.249 10.434 295.7068
-12.250 0.375 45.249 10.521 295.5955
-12.250 0.438 45.248 10.607 295.2791
-12.250 0.500 45.247 10.694 295.0652
-12.250 0.562 45.247 10.781 294.7400
-12.250 0.625 45.246 10.868 294.7986
-12.250 0.688 45.245 10.954 293.3728
-12.250 0.750 45.244 11.041 294.9539
-12.250 0.812 45.243 11.128 294.8513
-12.250 0.875 45.242 11.214 293.2214
-12.250 0.938 45.241 11.301 293.7898
-12.250 1.000 45.240 11.388 294.5574
-12.250 1.062 45.238 11.475 294.1238
-12.188 -1.188 45.298 8.350 294.4500
-12.188 -1.125 45.300 8.437 293.3806
-12.188 -1.062 45.301 8.523 293.3757
-12.188 -1.000 45.302 8.610 293.2253
-12.188 -0.938 45.304 8.697 293.8220
-12.188 -0.875 45.305 8.784 295.3171
-12.188 -0.812 45.306 8.871 294.3015
-12.188 -0.750 45.307 8.958 294.1667
-12.188 -0.688 45.308 9.044 293.0037
-12.188 -0.625 45.309 9.131 293.2253
-12.188 -0.562 45.309 9.218 294.4167
-12.188 -0.500 45.310 9.305 295.2712
-12.188 -0.438 45.311 9.392 295.4500
-12.188 -0.375 45.311 9.479 295.6531
-12.188 -0.312 45.312 9.566 295.9177
-12.188 -0.250 45.312 9.653 296.0017
-12.188 -0.188 45.312 9.739 296.0720
-12.188 -0.125 45.312 9.826 296.0720
-12.188 -0.062 45.312 9.913 295.9001
-12.188 0.000 45.313 10.000 295.7332
-12.188 0.062 45.312 10.087 295.7058
-12.188 0.125 45.312 10.174 295.8074
-12.188 0.188 45.312 10.261 295.7673
-12.188 0.250 45.312 10.347 295.3943
-12.188 0.312 45.312 10.434 295.0466
-12.188 0.375 45.311 10.521 294.8435
-12.188 0.438 45.311 10.608 294.6150
-12.188 0.500 45.310 10.695 294.2673
-12.188 0.562 45.309 10.782 294.7078
-12.188 0.625 45.309 10.869 294.4919
-12.188 0.688 45.308 10.956 293.2458
-12.188 0.750 45.307 11.042 294.3171
-12.188 0.812 45.306 11.129 293.8806
-12.188 0.875 45.305 11.216 294.2117
-12.188 0.938 45.304 11.303 293.6433
-12.188 1.000 45.302 11.390 293.2566
-12.188 1.062 45.301 11.477 294.3621
-12.125 -1.188 45.361 8.348 293.8923
-12.125 -1.125 45.362 8.434 293.7292
-12.125 -1.062 45.363 8.521 294.3357
-12.125 -1.000 45.365 8.608 293.4246
-12.125 -0.938 45.366 8.695 293.4832
-12.125 -0.875 45.367 8.782 294.3601
-12.125 -0.812 45.368 8.869 292.6765
-12.125 -0.750 45.369 8.956 292.6316
-12.125 -0.688 45.370 9.043 292.5818
-12.125 -0.625 45.371 9.130 293.6414
-12.125 -0.562 45.372 9.217 293.8435
-12.125 -0.500 45.372 9.304 294.1951
-12.125 -0.438 45.373 9.391 294.5544
-12.125 -0.375 45.374 9.478 294.8914
-12.125 -0.312 45.374 9.565 295.6677
-12.125 -0.250 45.374 9.652 295.5886
-12.125 -0.188 45.375 9.739 295.7253
-12.125 -0.125 45.375 9.826 295.6345
-12.125 -0.062 45.375 9.913 295.1833
-12.125 0.000 45.375 10.000 295.3835
-12.125 0.062 45.375 10.087 295.2292
-12.125 0.125 45.375 10.174 295.2947
-12.125 0.188 45.375 10.261 294.9246
-12.125 0.250 45.374 10.348 294.0974
-12.125 0.312 45.374 10.435 294.5457
-12.125 0.375 45.374 10.522 294.0593
-12.125 0.438 45.373 10.609 293.9470
-12.125 0.500 45.372 10.696 293.9744
-12.125 0.562 45.372 10.783 294.3054
-12.125 0.625 45.371 10.870 294.2771
-12.125 0.688 45.370 10.957 294.1189
-12.125 0.750 45.369 11.044 294.2156
-12.125 0.812 45.368 11.131 294.4255
-12.125 0.875 45.367 11.218 294.5457
-12.125 0.938 45.366 11.305 293.4919
-12.125 1.000 45.365 11.392 293.0222
-12.125 1.062 45.363 11.479 293.6589
-12.062 -1.188 45.423 8.345 293.5955
-12.062 -1.125 45.425 8.432 293.6814
-12.062 -1.062 45.426 8.519 294.2507
-12.062 -1.000 45.427 8.607 293.2224
-12.062 -0.938 45.428 8.694 293.7126
-12.062 -0.875 45.430 8.781 293.6804
-12.062 -0.812 45.431 8.868 293.3044
-12.062 -0.750 45.432 8.955 293.3816
-12.062 -0.688 45.433 9.042 293.7000
-12.062 -0.625 45.433 9.129 293.2468
-12.062 -0.562 45.434 9.216 293.1511
-12.062 -0.500 45.435 9.303 293.4265
-12.062 -0.438 45.436 9.390 293.6482
-12.062 -0.375 45.436 9.477 294.2087
-12.062 -0.312 45.436 9.564 294.7078
-12.062 -0.250 45.437 9.652 295.0251
-12.062 -0.188 45.437 9.739 295.3142
-12.062 -0.125 45.437 9.826 295.0544
-12.062 -0.062 45.437 9.913 294.7488
-12.062 0.000 45.438 10.000 294.3015
-12.062 0.062 45.437 10.087 294.6677
-12.062 0.125 45.437 10.174 294.3855
-12.062 0.188 45.437 10.261 292.8669
-12.062 0.250 45.437 10.348 293.1208
-12.062 0.312 45.436 10.436 293.5417
-12.062 0.375 45.436 10.523 293.0505
-12.062 0.438 45.436 10.610 292.6619
-12.062 0.500 45.435 10.697 292.3826
-12.062 0.562 45.434 10.784 293.8298
-12.062 0.625 45.433 10.871 293.1023
-12.062 0.688 45.433 10.958 292.5271
-12.062 0.750 45.432 11.045 293.9294
-12.062 0.812 45.431 11.132 292.9099
-12.062 0.875 45.430 11.219 293.3171
-12.062 0.938 45.428 11.306 293.1941
-12.062 1.000 45.427 11.393 292.5691
-12.062 1.062 45.426 11.481 291.5632
-12.000 -1.188 45.486 8.343 293.3875
-12.000 -1.125 45.487 8.430 293.2341
-12.000 -1.062 45.488 8.517 293.7058
-12.000 -1.000 45.490 8.605 293.7332
-12.000 -0.938 45.491 8.692 292.5837
-12.000 -0.875 45.492 8.779 291.8591
-12.000 -0.812 45.493 8.866 292.5447
-12.000 -0.750 45.494 8.953 293.1033
-12.000 -0.688 45.495 9.041 293.0115
-12.000 -0.625 45.496 9.128 292.8064
-12.000 -0.562 45.497 9.215 292.8562
-12.000 -0.500 45.497 9.302 293.2576
-12.000 -0.438 45.498 9.389 293.3972
-12.000 -0.375 45.499 9.477 293.6042
-12.000 -0.312 45.499 9.564 293.8435
-12.000 -0.250 45.499 9.651 294.0681
-12.000 -0.188 45.500 9.738 294.3328
-12.000 -0.125 45.500 9.826 294.3679
-12.000 -0.062 45.500 9.913 294.2009
-12.000 0.000 45.500 10.000 293.9597
-12.000 0.062 45.500 10.087 294.2185
-12.000 0.125 45.500 10.174 294.1589
-12.000 0.188 45.500 10.262 293.6833
-12.000 0.250 45.499 10.349 293.2488
-12.000 0.312 45.499 10.436 292.8044
-12.000 0.375 45.499 10.523 292.6189
-12.000 0.438 45.498 10.611 290.7654
-12.000 0.500 45.497 10.698 290.8699
-12.000 0.562 45.497 10.785 293.0125
-12.000 0.625 45.496 10.872 293.2537
-12.000 0.688 45.495 10.959 292.1580
-12.000 0.750 45.494 11.047 291.4509
-12.000 0.812 45.493 11.134 291.6326
-12.000 0.875 45.492 11.221 290.9753
-12.000 0.938 45.491 11.308 292.0330
-12.000 1.000 45.490 11.395 292.9685
-12.000 1.062 45.488 11.483 292.7908
-11.938 -1.188 45.548 8.341 293.3972
-11.938 -1.125 45.549 8.428 292.6277
-11.938 -1.062 45.551 8.515 292.9392
-11.938 -1.000 45.552 8.603 292.9314
-11.938 -0.938 45.553 8.690 292.7869
-11.938 -0.875 45.555 8.777 291.6716
-11.938 -0.812 45.556 8.865 292.1296
-11.938 -0.750 45.557 8.952 291.1414
-11.938 -0.688 45.558 9.039 291.4158
-11.938 -0.625 45.558 9.127 292.6638
-11.938 -0.562 45.559 9.214 292.5251
-11.938 -0.500 45.560 9.301 292.5818
-11.938 -0.438 45.561 9.389 292.7712
-11.938 -0.375 45.561 9.476 293.0535
-11.938 -0.312 45.561 9.563 293.3445
-11.938 -0.250 45.562 9.651 293.5447
-11.938 -0.188 45.562 9.738 293.5789
-11.938 -0.125 45.562 9.825 293.4773
-11.938 -0.062 45.562 9.913 293.7380
-11.938 0.000 45.562 10.000 293.5388
-11.938 0.062 45.562 10.087 293.7820
-11.938 0.125 45.562 10.175 293.4373
-11.938 0.188 45.562 10.262 291.9001
-11.938 0.250 45.562 10.349 290.5554
-11.938 0.312 45.561 10.437 291.8816
-11.938 0.375 45.561 10.524 292.8230
-11.938 0.438 45.561 10.611 290.7800
-11.938 0.500 45.560 10.699 290.4832
-11.938 0.562 45.559 10.786 292.5720
-11.938 0.625 45.558 10.873 291.4451
-11.938 0.688 45.558 10.961 290.6189
-11.938 0.750 45.557 11.048 290.1179
-11.938 0.812 45.556 11.135 289.7478
-11.938 0.875 45.555 11.223 289.9265
-11.938 0.938 45.553 11.310 290.6394
-11.938 1.000 45.552 11.397 291.2722
-11.938 1.062 45.551 11.485 292.1726
-11.875 -1.188 45.610 8.339 292.6013
-11.875 -1.125 45.612 8.426 291.3523
-11.875 -1.062 45.613 8.513 291.8298
-11.875 -1.000 45.615 8.601 291.6316
-11.875 -0.938 45.616 8.688 292.4763
-11.875 -0.875 45.617 8.776 292.1306
-11.875 -0.812 45.618 8.863 290.7849
-11.875 -0.750 45.619 8.951 290.7507
-11.875 -0.688 45.620 9.038 291.3806
-11.875 -0.625 45.621 9.125 292.1550
-11.875 -0.562 45.622 9.213 292.0193
-11.875 -0.500 45.622 9.300 291.2712
-11.875 -0.438 45.623 9.388 292.0759
-11.875 -0.375 45.624 9.475 292.5496
-11.875 -0.312 45.624 9.563 292.8767
-11.875 -0.250 45.624 9.650 293.0750
-11.875 -0.188 45.625 9.738 293.1277
-11.875 -0.125 45.625 9.825 292.9060
-11.875 -0.062 45.625 9.913 293.0964
-11.875 0.000 45.625 10.000 292.8083
-11.875 0.062 45.625 10.087 292.1052
-11.875 0.125 45.625 10.175 290.8777
-11.875 0.188 45.625 10.262 289.0701
-11.875 0.250 45.624 10.350 289.2947
-11.875 0.312 45.624 10.437 290.5701
-11.875 0.375 45.624 10.525 290.8123
-11.875 0.438 45.623 10.612 290.1785
-11.875 0.500 45.622 10.700 291.1375
-11.875 0.562 45.622 10.787 289.3064
-11.875 0.625 45.621 10.875 289.0603
-11.875 0.688 45.620 10.962 288.3210
-11.875 0.750 45.619 11.049 286.1091
-11.875 0.812 45.618 11.137 287.1042
-11.875 0.875 45.617 11.224 288.7439
-11.875 0.938 45.616 11.312 289.9968
-11.875 1.000 45.615 11.399 291.7087
-11.875 1.062 45.613 11.487 291.8953
-11.812 -1.188 45.673 8.336 291.4314
-11.812 -1.125 45.674 8.424 291.1140
-11.812 -1.062 45.676 8.511 290.3191
-11.812 -1.000 45.677 8.599 290.7302
-11.812 -0.938 45.678 8.687 291.9021
-11.812 -0.875 45.680 8.774 291.3025
-11.812 -0.812 45.681 8.862 290.3562
-11.812 -0.750 45.682 8.949 290.2078
-11.812 -0.688 45.683 9.037 291.3689
-11.812 -0.625 45.683 9.124 291.4255
-11.812 -0.562 45.684 9.212 291.5496
-11.812 -0.500 45.685 9.299 291.3044
-11.812 -0.438 45.686 9.387 291.3796
-11.812 -0.375 45.686 9.475 291.5564
-11.812 -0.312 45.686 9.562 292.2244
-11.812 -0.250 45.687 9.650 292.0535
-11.812 -0.188 45.687 9.737 292.2478
-11.812 -0.125 45.687 9.825 290.6931
-11.812 -0.062 45.687 9.912 289.6716
-11.812 0.000 45.688 10.000 289.4119
-11.812 0.062 45.687 10.088 289.3484
-11.812 0.125 45.687 10.175 288.7263
-11.812 0.188 45.687 10.263 288.0769
-11.812 0.250 45.687 10.350 289.2380
-11.812 0.312 45.686 10.438 289.7761
-11.812 0.375 45.686 10.525 287.8357
-11.812 0.438 45.686 10.613 289.4207
-11.812 0.500 45.685 10.701 289.4695
-11.812 0.562 45.684 10.788 287.4998
-11.812 0.625 45.683 10.876 286.8816
-11.812 0.688 45.683 10.963 287.8464
-11.812 0.750 45.682 11.051 284.7849
-11.812 0.812 45.681 11.138 284.7126
-11.812 0.875 45.680 11.226 287.6921
-11.812 0.938 45.678 11.313 290.3757
-11.812 1.000 45.677 11.401 291.5193
-11.812 1.062 45.676 11.489 292.4646
-11.750 -1.188 45.735 8.334 289.8630
-11.750 -1.125 45.737 8.422 290.1501
-11.750 -1.062 45.738 8.509 291.7322
-11.750 -1.000 45.740 8.597 291.4871
-11.750 -0.938 45.741 8.685 291.6619
-11.750 -0.875 45.742 8.772 291.5710
-11.750 -0.812 45.743 8.860 289.7566
-11.750 -0.750 45.744 8.948 290.2126
-11.750 -0.688 45.745 9.035 290.7000
-11.750 -0.625 45.746 9.123 290.8289
-11.750 -0.562 45.747 9.211 291.1736
-11.750 -0.500 45.747 9.298 290.3074
-11.750 -0.438 45.748 9.386 290.5876
-11.750 -0.375 45.749 9.474 290.1863
-11.750 -0.312 45.749 9.562 289.5925
-11.750 -0.250 45.749 9.649 290.1941
-11.750 -0.188 45.750 9.737 288.5730
-11.750 -0.125 45.750 9.825 289.4148
-11.750 -0.062 45.750 9.912 288.6511
-11.750 0.000 45.750 10.000 288.5027
-11.750 0.062 45.750 10.088 288.0769
-11.750 0.125 45.750 10.175 286.8474
-11.750 0.188 45.750 10.263 287.4851
-11.750 0.250 45.749 10.351 287.6833
-11.750 0.312 45.749 10.438 287.8904
-11.750 0.375 45.749 10.526 287.0447
-11.750 0.438 45.748 10.614 286.1638
-11.750 0.500 45.747 10.702 289.3982
-11.750 0.562 45.747 10.789 288.3552
-11.750 0.625 45.746 10.877 285.6462
-11.750 0.688 45.745 10.965 288.8933
-11.750 0.750 45.744 11.052 286.3347
-11.750 0.812 45.743 11.140 284.3845
-11.750 0.875 45.742 11.228 286.5935
-11.750 0.938 45.741 11.315 289.8093
-11.750 1.000 45.740 11.403 290.6648
-11.750 1.062 45.738 11.491 290.5544
-11.688 -1.188 45.798 8.332 289.0779
-11.688 -1.125 45.799 8.420 289.3162
-11.688 -1.062 45.801 8.507 290.1541
-11.688 -1.000 45.802 8.595 290.9158
-11.688 -0.938 45.803 8.683 291.5242
-11.688 -0.875 45.805 8.771 291.0564
-11.688 -0.812 45.806 8.859 290.4041
-11.688 -0.750 45.807 8.946 290.0457
-11.688 -0.688 45.808 9.034 290.5154
-11.688 -0.625 45.808 9.122 289.7556
-11.688 -0.562 45.809 9.210 289.2820
-11.688 -0.500 45.810 9.298 290.1677
-11.688 -0.438 45.811 9.385 290.1218
-11.688 -0.375 45.811 9.473 287.8064
-11.688 -0.312 45.811 9.561 288.2039
-11.688 -0.250 45.812 9.649 288.3035
-11.688 -0.188 45.812 9.737 287.4431
-11.688 -0.125 45.812 9.824 288.2742
-11.688 -0.062 45.812 9.912 288.3787
-11.688 0.000 45.813 10.000 288.6140
-11.688 0.062 45.812 10.088 289.4480
-11.688 0.125 45.812 10.176 286.6707
-11.688 0.188 45.812 10.263 284.6619
-11.688 0.250 45.812 10.351 284.1521
-11.688 0.312 45.811 10.439 285.6638
-11.688 0.375 45.811 10.527 287.3337
-11.688 0.438 45.811 10.615 285.6589
-11.688 0.500 45.810 10.702 286.5847
-11.688 0.562 45.809 10.790 289.7029
-11.688 0.625 45.808 10.878 287.6033
-11.688 0.688 45.808 10.966 288.6208
-11.688 0.750 45.807 11.054 288.8435
-11.688 0.812 45.806 11.141 284.6218
-11.688 0.875 45.805 11.229 284.9304
-11.688 0.938 45.803 11.317 288.1951
-11.688 1.000 45.802 11.405 288.3513
-11.688 1.062 45.801 11.493 287.2996
-11.625 -1.188 45.860 8.330 286.9519
-11.625 -1.125 45.862 8.418 288.1775
-11.625 -1.062 45.863 8.505 288.4578
-11.625 -1.000 45.865 8.593 289.3855
-11.625 -0.938 45.866 8.681 290.3201
-11.625 -0.875 45.867 8.769 288.4187
-11.625 -0.812 45.868 8.857 289.2371
-11.625 -0.750 45.869 8.945 288.5359
-11.625 -0.688 45.870 9.033 287.9021
-11.625 -0.625 45.871 9.121 287.6082
-11.625 -0.562 45.872 9.209 287.2712
-11.625 -0.500 45.872 9.297 287.4226
-11.625 -0.438 45.873 9.385 288.1511
-11.625 -0.375 45.874 9.472 285.9519
-11.625 -0.312 45.874 9.560 286.1189
-11.625 -0.250 45.874 9.648 287.0720
-11.625 -0.188 45.875 9.736 286.5164
-11.625 -0.125 45.875 9.824 285.9353
-11.625 -0.062 45.875 9.912 287.2400
-11.625 0.000 45.875 10.000 287.1404
-11.625 0.062 45.875 10.088 287.2898
-11.625 0.125 45.875 10.176 288.4197
-11.625 0.188 45.875 10.264 285.5886
-11.625 0.250 45.874 10.352 282.9597
-11.625 0.312 45.874 10.440 282.5730
-11.625 0.375 45.874 10.528 285.0857
-11.625 0.438 45.873 10.615 286.3250
-11.625 0.500 45.872 10.703 285.9587
-11.625 0.562 45.872 10.791 288.4851
-11.625 0.625 45.871 10.879 290.5798
-11.625 0.688 45.870 10.967 289.4988
-11.625 0.750 45.869 11.055 289.4910
-11.625 0.812 45.868 11.143 285.7761
-11.625 0.875 45.867 11.231 284.5916
-11.625 0.938 45.866 11.319 286.5740
-11.625 1.000 45.865 11.407 286.9500
-11.625 1.062 45.863 11.495 286.0691
-11.562 -1.188 45.923 8.327 285.8806
-11.562 -1.125 45.924 8.415 288.2146
-11.562 -1.062 45.926 8.503 289.1140
-11.562 -1.000 45.927 8.591 289.3767
-11.562 -0.938 45.928 8.679 288.5847
-11.562 -0.875 45.930 8.767 287.9099
-11.562 -0.812 45.931 8.855 289.6082
-11.562 -0.750 45.932 8.944 289.1853
-11.562 -0.688 45.933 9.032 286.2507
-11.562 -0.625 45.933 9.120 287.4929
-11.562 -0.562 45.934 9.208 288.7791
-11.562 -0.500 45.935 9.296 288.5125
-11.562 -0.438 45.936 9.384 286.2146
-11.562 -0.375 45.936 9.472 284.3708
-11.562 -0.312 45.936 9.560 285.9216
-11.562 -0.250 45.937 9.648 287.4724
-11.562 -0.188 45.937 9.736 285.1453
-11.562 -0.125 45.937 9.824 283.4744
-11.562 -0.062 45.937 9.912 285.9968
-11.562 0.000 45.938 10.000 285.8201
-11.562 0.062 45.937 10.088 283.9919
-11.562 0.125 45.937 10.176 286.6267
-11.562 0.188 45.937 10.264 288.3914
-11.562 0.250 45.937 10.352 284.5720
-11.562 0.312 45.936 10.440 280.1628
-11.562 0.375 45.936 10.528 282.2029
-11.562 0.438 45.936 10.616 285.6199
-11.562 0.500 45.935 10.704 285.4128
-11.562 0.562 45.934 10.792 286.1003
-11.562 0.625 45.933 10.880 289.8103
-11.562 0.688 45.933 10.968 287.7917
-11.562 0.750 45.932 11.056 288.7380
-11.562 0.812 45.931 11.145 287.3787
-11.562 0.875 45.930 11.233 285.4773
-11.562 0.938 45.928 11.321 285.8035
-11.562 1.000 45.927 11.409 283.4929
-11.562 1.062 45.926 11.497 283.1375
-11.500 -1.188 45.985 8.325 285.5818
-11.500 -1.125 45.987 8.413 286.9011
-11.500 -1.062 45.988 8.501 287.6003
-11.500 -1.000 45.990 8.590 288.4617
-11.500 -0.938 45.991 8.678 289.2488
-11.500 -0.875 45.992 8.766 289.4070
-11.500 -0.812 45.993 8.854 288.4617
-11.500 -0.750 45.994 8.942 289.7019
-11.500 -0.688 45.995 9.030 287.5642
-11.500 -0.625 45.996 9.118 287.6150
-11.500 -0.562 45.997 9.207 289.8552
-11.500 -0.500 45.997 9.295 288.7322
-11.500 -0.438 45.998 9.383 285.8582
-11.500 -0.375 45.999 9.471 283.4900
-11.500 -0.312 45.999 9.559 283.3025
-11.500 -0.250 45.999 9.647 284.7048
-11.500 -0.188 46.000 9.736 283.1248
-11.500 -0.125 46.000 9.824 280.9626
-11.500 -0.062 46.000 9.912 282.1892
-11.500 0.000 46.000 10.000 283.0183
-11.500 0.062 46.000 10.088 282.6628
-11.500 0.125 46.000 10.176 283.3162
-11.500 0.188 46.000 10.264 285.2888
-11.500 0.250 45.999 10.353 286.1326
-11.500 0.312 45.999 10.441 280.8357
-11.500 0.375 45.999 10.529 280.7166
-11.500 0.438 45.998 10.617 283.7927
-11.500 0.500 45.997 10.705 284.6394
-11.500 0.562 45.997 10.793 285.7400
-11.500 0.625 45.996 10.882 288.8962
-11.500 0.688 45.995 10.970 288.6375
-11.500 0.750 45.994 11.058 287.6570
-11.500 0.812 45.993 11.146 288.0388
-11.500 0.875 45.992 11.234 287.6052
-11.500 0.938 45.991 11.322 287.9539
-11.500 1.000 45.990 11.410 284.4636
-11.500 1.062 45.988 11.499 282.8748
-11.438 -1.188 46.048 8.323 287.4998
-11.438 -1.125 46.049 8.411 284.2595
-11.438 -1.062 46.051 8.499 284.3660
-11.438 -1.000 46.052 8.588 286.3718
-11.438 -0.938 46.053 8.676 289.2830
-11.438 -0.875 46.055 8.764 288.3796
-11.438 -0.812 46.056 8.852 286.7341
-11.438 -0.750 46.057 8.941 287.9412
-11.438 -0.688 46.058 9.029 286.5828
-11.438 -0.625 46.058 9.117 285.9128
-11.438 -0.562 46.059 9.205 287.0916
-11.438 -0.500 46.060 9.294 289.1902
-11.438 -0.438 46.061 9.382 285.8113
-11.438 -0.375 46.061 9.470 281.8835
-11.438 -0.312 46.061 9.559 282.2458
-11.438 -0.250 46.062 9.647 282.9099
-11.438 -0.188 46.062 9.735 281.4763
-11.438 -0.125 46.062 9.823 280.5984
-11.438 -0.062 46.062 9.912 280.6238
-11.438 0.000 46.063 10.000 280.9324
-11.438 0.062 46.062 10.088 279.8318
-11.438 0.125 46.062 10.177 280.4890
-11.438 0.188 46.062 10.265 283.7566
-11.438 0.250 46.062 10.353 285.7810
-11.438 0.312 46.061 10.441 282.6443
-11.438 0.375 46.061 10.530 278.7800
-11.438 0.438 46.061 10.618 280.7986
-11.438 0.500 46.060 10.706 285.0574
-11.438 0.562 46.059 10.795 286.6335
-11.438 0.625 46.058 10.883 287.6599
-11.438 0.688 46.058 10.971 288.1365
-11.438 0.750 46.057 11.059 288.1072
-11.438 0.812 46.056 11.148 290.6150
-11.438 0.875 46.055 11.236 289.3083
-11.438 0.938 46.053 11.324 286.7742
-11.438 1.000 46.052 11.412 287.7625
-11.438 1.062 46.051 11.501 288.2253
-11.375 -1.188 46.110 8.321 288.0515
-11.375 -1.125 46.112 8.409 284.6423
-11.375 -1.062 46.113 8.497 285.3835
-11.375 -1.000 46.115 8.586 286.6902
-11.375 -0.938 46.116 8.674 287.1316
-11.375 -0.875 46.117 8.762 288.1052
-11.375 -0.812 46.118 8.851 287.1345
-11.375 -0.750 46.119 8.939 286.6628
-11.375 -0.688 46.120 9.028 285.7458
-11.375 -0.625 46.121 9.116 283.2498
-11.375 -0.562 46.122 9.204 285.5027
-11.375 -0.500 46.122 9.293 289.4822
-11.375 -0.438 46.123 9.381 287.8708
-11.375 -0.375 46.124 9.470 286.6931
-11.375 -0.312 46.124 9.558 287.0779
-11.375 -0.250 46.124 9.646 286.4080
-11.375 -0.188 46.125 9.735 284.5378
-11.375 -0.125 46.125 9.823 285.2869
-11.375 -0.062 46.125 9.912 285.2820
-11.375 0.000 46.125 10.000 285.2380
-11.375 0.062 46.125 10.088 284.4675
-11.375 0.125 46.125 10.177 281.8943
-11.375 0.188 46.125 10.265 284.5095
-11.375 0.250 46.124 10.354 285.2380
-11.375 0.312 46.124 10.442 278.4958
-11.375 0.375 46.124 10.530 273.8103
-11.375 0.438 46.123 10.619 278.0574
-11.375 0.500 46.122 10.707 284.8015
-11.375 0.562 46.122 10.796 284.2205
-11.375 0.625 46.121 10.884 282.1853
-11.375 0.688 46.120 10.972 285.1511
-11.375 0.750 46.119 11.061 289.9451
-11.375 0.812 46.118 11.149 291.3298
-11.375 0.875 46.117 11.238 287.4519
-11.375 0.938 46.116 11.326 283.4939
-11.375 1.000 46.115 11.414 283.4382
-11.375 1.062 46.113 11.503 284.8572
-11.312 -1.188 46.173 8.318 286.7419
-11.312 -1.125 46.174 8.407 283.7732
-11.312 -1.062 46.176 8.495 283.4861
-11.312 -1.000 46.177 8.584 285.3230
-11.312 -0.938 46.178 8.672 286.7615
-11.312 -0.875 46.180 8.761 288.0105
-11.312 -0.812 46.181 8.849 287.3601
-11.312 -0.750 46.182 8.938 286.1033
-11.312 -0.688 46.183 9.026 286.3689
-11.312 -0.625 46.183 9.115 284.0916
-11.312 -0.562 46.184 9.203 283.3347
-11.312 -0.500 46.185 9.292 285.4470
-11.312 -0.438 46.186 9.380 288.4451
-11.312 -0.375 46.186 9.469 285.4470
-11.312 -0.312 46.186 9.557 284.4460
-11.312 -0.250 46.187 9.646 285.7751
-11.312 -0.188 46.187 9.734 285.8464
-11.312 -0.125 46.187 9.823 286.1941
-11.312 -0.062 46.187 9.911 286.7068
-11.312 0.000 46.188 10.000 285.7009
-11.312 0.062 46.187 10.089 287.2986
-11.312 0.125 46.187 10.177 286.8679
-11.312 0.188 46.187 10.266 284.5447
-11.312 0.250 46.187 10.354 284.2625
-11.312 0.312 46.186 10.443 279.8689
-11.312 0.375 46.186 10.531 274.9548
-11.312 0.438 46.186 10.620 276.7878
-11.312 0.500 46.185 10.708 281.1638
-11.312 0.562 46.184 10.797 282.5056
-11.312 0.625 46.183 10.885 280.0710
-11.312 0.688 46.183 10.974 282.4470
-11.312 0.750 46.182 11.062 288.5066
-11.312 0.812 46.181 11.151 290.8181
-11.312 0.875 46.180 11.239 286.9763
-11.312 0.938 46.178 11.328 284.3816
-11.312 1.000 46.177 11.416 281.9177
-11.312 1.062 46.176 11.505 280.7859
-11.250 -1.188 46.235 8.316 284.1941
-11.250 -1.125 46.237 8.405 281.5242
-11.250 -1.062 46.238 8.493 281.0671
-11.250 -1.000 46.240 8.582 283.8660
-11.250 -0.938 46.241 8.670 285.3738
-11.250 -0.875 46.242 8.759 285.2332
-11.250 -0.812 46.243 8.848 283.4324
-11.250 -0.750 46.244 8.936 283.4226
-11.250 -0.688 46.245 9.025 285.6687
-11.250 -0.625 46.246 9.114 285.7478
-11.250 -0.562 46.247 9.202 282.7019
-11.250 -0.500 46.247 9.291 282.1863
-11.250 -0.438 46.248 9.380 285.8240
-11.250 -0.375 46.249 9.468 282.9958
-11.250 -0.312 46.249 9.557 279.3015
-11.250 -0.250 46.249 9.645 279.6013
-11.250 -0.188 46.250 9.734 279.2361
-11.250 -0.125 46.250 9.823 281.5906
-11.250 -0.062 46.250 9.911 282.1199
-11.250 0.000 46.250 10.000 279.2107
-11.250 0.062 46.250 10.089 282.6550
-11.250 0.125 46.250 10.177 285.8962
-11.250 0.188 46.250 10.266 284.2996
-11.250 0.250 46.249 10.355 283.5232
-11.250 0.312 46.249 10.443 282.8542
-11.250 0.375 46.249 10.532 281.3230
-11.250 0.438 46.248 10.620 279.4343
-11.250 0.500 46.247 10.709 280.3826
-11.250 0.562 46.247 10.798 283.0720
-11.250 0.625 46.246 10.886 281.0554
-11.250 0.688 46.245 10.975 283.9421
-11.250 0.750 46.244 11.064 289.0779
-11.250 0.812 46.243 11.152 289.7566
-11.250 0.875 46.242 11.241 287.1560
-11.250 0.938 46.241 11.330 285.8083
-11.250 1.000 46.240 11.418 283.9490
-11.250 1.062 46.238 11.507 282.9626
-11.188 -1.188 46.298 8.314 282.3269
-11.188 -1.125 46.299 8.403 281.6404
-11.188 -1.062 46.301 8.491 281.9949
-11.188 -1.000 46.302 8.580 283.8875
-11.188 -0.938 46.303 8.669 284.1951
-11.188 -0.875 46.304 8.757 282.9285
-11.188 -0.812 46.306 8.846 282.8748
-11.188 -0.750 46.307 8.935 284.9490
-11.188 -0.688 46.308 9.024 282.9031
-11.188 -0.625 46.308 9.112 282.5037
-11.188 -0.562 46.309 9.201 282.4617
-11.188 -0.500 46.310 9.290 283.2527
-11.188 -0.438 46.310 9.379 284.6013
-11.188 -0.375 46.311 9.467 283.6599
-11.188 -0.312 46.311 9.556 280.8835
-11.188 -0.250 46.312 9.645 278.5505
-11.188 -0.188 46.312 9.734 276.8298
-11.188 -0.125 46.312 9.822 278.0554
-11.188 -0.062 46.312 9.911 276.3572
-11.188 0.000 46.312 10.000 279.1042
-11.188 0.062 46.312 10.089 281.3982
-11.188 0.125 46.312 10.178 280.8689
-11.188 0.188 46.312 10.266 283.5330
-11.188 0.250 46.312 10.355 282.5554
-11.188 0.312 46.311 10.444 277.7761
-11.188 0.375 46.311 10.533 277.1501
-11.188 0.438 46.310 10.621 279.6599
-11.188 0.500 46.310 10.710 282.4744
-11.188 0.562 46.309 10.799 283.2419
-11.188 0.625 46.308 10.888 283.1375
-11.188 0.688 46.308 10.976 286.2273
-11.188 0.750 46.307 11.065 288.4724
-11.188 0.812 46.306 11.154 287.2810
-11.188 0.875 46.304 11.243 288.9128
-11.188 0.938 46.303 11.331 286.9744
-11.188 1.000 46.302 11.420 284.5027
-11.188 1.062 46.301 11.509 284.0544
-11.125 -1.188 46.360 8.312 277.4587
-11.125 -1.125 46.362 8.400 279.6238
-11.125 -1.062 46.363 8.489 281.5017
-11.125 -1.000 46.365 8.578 283.8171
-11.125 -0.938 46.366 8.667 282.8650
-11.125 -0.875 46.367 8.756 279.8406
-11.125 -0.812 46.368 8.845 283.0505
-11.125 -0.750 46.369 8.933 288.2966
-11.125 -0.688 46.370 9.022 283.1853
-11.125 -0.625 46.371 9.111 281.0720
-11.125 -0.562 46.372 9.200 281.5759
-11.125 -0.500 46.372 9.289 282.5994
-11.125 -0.438 46.373 9.378 281.7000
-11.125 -0.375 46.374 9.467 280.5564
-11.125 -0.312 46.374 9.556 279.4119
-11.125 -0.250 46.374 9.644 279.6902
-11.125 -0.188 46.375 9.733 279.4353
-11.125 -0.125 46.375 9.822 274.6824
-11.125 -0.062 46.375 9.911 273.0935
-11.125 0.000 46.375 10.000 278.9666
-11.125 0.062 46.375 10.089 281.1208
-11.125 0.125 46.375 10.178 278.6609
-11.125 0.188 46.375 10.267 279.8445
-11.125 0.250 46.374 10.356 281.2820
-11.125 0.312 46.374 10.444 275.3240
-11.125 0.375 46.374 10.533 273.4822
-11.125 0.438 46.373 10.622 276.7839
-11.125 0.500 46.372 10.711 280.3298
-11.125 0.562 46.372 10.800 283.2380
-11.125 0.625 46.371 10.889 282.6589
-11.125 0.688 46.370 10.978 287.5466
-11.125 0.750 46.369 11.067 288.9890
-11.125 0.812 46.368 11.155 286.7615
-11.125 0.875 46.367 11.244 289.9324
-11.125 0.938 46.366 11.333 289.3484
-11.125 1.000 46.365 11.422 283.2869
-11.125 1.062 46.363 11.511 282.2009
-11.062 -1.188 46.423 8.309 277.2585
-11.062 -1.125 46.424 8.398 277.9246
-11.062 -1.062 46.426 8.487 279.4080
-11.062 -1.000 46.427 8.576 281.7224
-11.062 -0.938 46.428 8.665 281.6511
-11.062 -0.875 46.429 8.754 281.0232
-11.062 -0.812 46.431 8.843 283.1384
-11.062 -0.750 46.432 8.932 285.2625
-11.062 -0.688 46.433 9.021 281.6931
-11.062 -0.625 46.433 9.110 279.8943
-11.062 -0.562 46.434 9.199 280.4314
-11.062 -0.500 46.435 9.288 280.1814
-11.062 -0.438 46.435 9.377 279.8435
-11.062 -0.375 46.436 9.466 278.6111
-11.062 -0.312 46.436 9.555 278.0164
-11.062 -0.250 46.437 9.644 279.2458
-11.062 -0.188 46.437 9.733 279.5720
-11.062 -0.125 46.437 9.822 276.7273
-11.062 -0.062 46.437 9.911 276.3005
-11.062 0.000 46.438 10.000 278.2068
-11.062 0.062 46.437 10.089 278.5789
-11.062 0.125 46.437 10.178 276.9265
-11.062 0.188 46.437 10.267 279.8542
-11.062 0.250 46.437 10.356 282.2263
-11.062 0.312 46.436 10.445 280.3962
-11.062 0.375 46.436 10.534 274.3992
-11.062 0.438 46.435 10.623 273.2986
-11.062 0.500 46.435 10.712 275.6980
-11.062 0.562 46.434 10.801 279.7615
-11.062 0.625 46.433 10.890 281.1267
-11.062 0.688 46.433 10.979 283.3640
-11.062 0.750 46.432 11.068 287.0925
-11.062 0.812 46.431 11.157 286.2761
-11.062 0.875 46.429 11.246 288.8435
-11.062 0.938 46.428 11.335 290.0916
-11.062 1.000 46.427 11.424 286.4167
-11.062 1.062 46.426 11.513 283.2205
-11.000 -1.188 46.485 8.307 281.0603
-11.000 -1.125 46.487 8.396 280.1023
-11.000 -1.062 46.488 8.485 279.2205
-11.000 -1.000 46.490 8.574 281.0330
-11.000 -0.938 46.491 8.663 282.3308
-11.000 -0.875 46.492 8.752 281.1404
-11.000 -0.812 46.493 8.841 282.9832
-11.000 -0.750 46.494 8.931 283.6638
-11.000 -0.688 46.495 9.020 279.5623
-11.000 -0.625 46.496 9.109 277.6140
-11.000 -0.562 46.497 9.198 279.7458
-11.000 -0.500 46.497 9.287 279.4128
-11.000 -0.438 46.498 9.376 280.5710
-11.000 -0.375 46.499 9.465 280.5232
-11.000 -0.312 46.499 9.554 279.5388
-11.000 -0.250 46.499 9.643 278.9890
-11.000 -0.188 46.500 9.733 278.0457
-11.000 -0.125 46.500 9.822 279.9031
-11.000 -0.062 46.500 9.911 280.4656
-11.000 0.000 46.500 10.000 278.3650
-11.000 0.062 46.500 10.089 278.3337
-11.000 0.125 46.500 10.178 277.2527
-11.000 0.188 46.500 10.267 280.2996
-11.000 0.250 46.499 10.357 280.2830
-11.000 0.312 46.499 10.446 276.4099
-11.000 0.375 46.499 10.535 273.8767
-11.000 0.438 46.498 10.624 273.7625
-11.000 0.500 46.497 10.713 273.5505
-11.000 0.562 46.497 10.802 276.9792
-11.000 0.625 46.496 10.891 279.5466
-11.000 0.688 46.495 10.980 281.7527
-11.000 0.750 46.494 11.069 283.5828
-11.000 0.812 46.493 11.159 285.5359
-11.000 0.875 46.492 11.248 289.8503
-11.000 0.938 46.491 11.337 290.6902
-11.000 1.000 46.490 11.426 288.4480
-11.000 1.062 46.488 11.515 285.4373
-10.938 -1.188 46.548 8.305 276.9685
-10.938 -1.125 46.549 8.394 277.5828
-10.938 -1.062 46.551 8.483 279.0066
-10.938 -1.000 46.552 8.572 280.9353
-10.938 -0.938 46.553 8.661 280.9324
-10.938 -0.875 46.554 8.751 279.0183
-10.938 -0.812 46.556 8.840 279.5935
-10.938 -0.750 46.557 8.929 281.0173
-10.938 -0.688 46.558 9.018 280.0554
-10.938 -0.625 46.558 9.108 279.5945
-10.938 -0.562 46.559 9.197 280.1687
-10.938 -0.500 46.560 9.286 281.5505
-10.938 -0.438 46.560 9.375 282.1453
-10.938 -0.375 46.561 9.465 280.4128
-10.938 -0.312 46.561 9.554 280.3767
-10.938 -0.250 46.562 9.643 280.0603
-10.938 -0.188 46.562 9.732 278.2029
-10.938 -0.125 46.562 9.822 278.8796
-10.938 -0.062 46.562 9.911 280.3152
-10.938 0.000 46.562 10.000 278.8533
-10.938 0.062 46.562 10.089 279.0134
-10.938 0.125 46.562 10.178 278.7253
-10.938 0.188 46.562 10.268 277.6921
-10.938 0.250 46.562 10.357 276.2947
-10.938 0.312 46.561 10.446 276.3933
-10.938 0.375 46.561 10.535 280.1638
-10.938 0.438 46.560 10.625 278.0076
-10.938 0.500 46.560 10.714 280.4587
-10.938 0.562 46.559 10.803 281.9001
-10.938 0.625 46.558 10.892 281.9656
-10.938 0.688 46.558 10.982 281.3376
-10.938 0.750 46.557 11.071 283.3660
-10.938 0.812 46.556 11.160 287.4275
-10.938 0.875 46.554 11.249 288.3162
-10.938 0.938 46.553 11.339 287.7371
-10.938 1.000 46.552 11.428 287.4773
-10.938 1.062 46.551 11.517 286.5613
-10.875 -1.188 46.610 8.302 275.5837
-10.875 -1.125 46.612 8.392 274.7107
-10.875 -1.062 46.613 8.481 278.2380
-10.875 -1.000 46.614 8.570 281.7322
-10.875 -0.938 46.616 8.660 280.6277
-10.875 -0.875 46.617 8.749 280.4333
-10.875 -0.812 46.618 8.838 281.8142
-10.875 -0.750 46.619 8.928 279.4080
-10.875 -0.688 46.620 9.017 280.0632
-10.875 -0.625 46.621 9.106 281.1648
-10.875 -0.562 46.622 9.196 281.1121
-10.875 -0.500 46.622 9.285 280.7791
-10.875 -0.438 46.623 9.374 281.8171
-10.875 -0.375 46.624 9.464 283.0623
-10.875 -0.312 46.624 9.553 283.7556
-10.875 -0.250 46.624 9.643 283.7351
-10.875 -0.188 46.625 9.732 281.8503
-10.875 -0.125 46.625 9.821 279.0037
-10.875 -0.062 46.625 9.911 279.0164
-10.875 0.000 46.625 10.000 279.9558
-10.875 0.062 46.625 10.089 280.3220
-10.875 0.125 46.625 10.179 280.6140
-10.875 0.188 46.625 10.268 280.6062
-10.875 0.250 46.624 10.357 280.1443
-10.875 0.312 46.624 10.447 281.3523
-10.875 0.375 46.624 10.536 284.1013
-10.875 0.438 46.623 10.626 285.0271
-10.875 0.500 46.622 10.715 283.0359
-10.875 0.562 46.622 10.804 283.8503
-10.875 0.625 46.621 10.894 284.7625
-10.875 0.688 46.620 10.983 283.2000
-10.875 0.750 46.619 11.072 286.4480
-10.875 0.812 46.618 11.162 289.7585
-10.875 0.875 46.617 11.251 286.8660
-10.875 0.938 46.616 11.340 283.9705
-10.875 1.000 46.614 11.430 283.5857
-10.875 1.062 46.613 11.519 286.3523
-10.812 -1.188 46.673 8.300 284.0496
-10.812 -1.125 46.674 8.389 275.4060
-10.812 -1.062 46.676 8.479 277.4919
-10.812 -1.000 46.677 8.568 282.6150
-10.812 -0.938 46.678 8.658 281.8728
-10.812 -0.875 46.679 8.747 280.9080
-10.812 -0.812 46.681 8.837 283.1326
-10.812 -0.750 46.682 8.926 283.6531
-10.812 -0.688 46.683 9.016 281.3455
-10.812 -0.625 46.683 9.105 283.0691
-10.812 -0.562 46.684 9.195 283.0515
-10.812 -0.500 46.685 9.284 280.4001
-10.812 -0.438 46.685 9.374 283.1218
-10.812 -0.375 46.686 9.463 286.5066
-10.812 -0.312 46.686 9.553 285.5115
-10.812 -0.250 46.687 9.642 282.6189
-10.812 -0.188 46.687 9.732 283.4841
-10.812 -0.125 46.687 9.821 280.1306
-10.812 -0.062 46.687 9.911 277.6746
-10.812 0.000 46.688 10.000 279.2908
-10.812 0.062 46.687 10.089 280.8269
-10.812 0.125 46.687 10.179 280.0613
-10.812 0.188 46.687 10.268 279.5867
-10.812 0.250 46.687 10.358 279.1785
-10.812 0.312 46.686 10.447 280.0251
-10.812 0.375 46.686 10.537 284.0437
-10.812 0.438 46.685 10.626 283.1375
-10.812 0.500 46.685 10.716 276.1414
-10.812 0.562 46.684 10.805 278.1960
-10.812 0.625 46.683 10.895 281.7253
-10.812 0.688 46.683 10.984 282.5720
-10.812 0.750 46.682 11.074 285.5779
-10.812 0.812 46.681 11.163 288.5691
-10.812 0.875 46.679 11.253 284.4431
-10.812 0.938 46.678 11.342 283.7312
-10.812 1.000 46.677 11.432 282.2605
-10.812 1.062 46.676 11.521 283.5134
