-12.875 -1.188 44.611 8.374 -1.7050 5.3537
-12.875 -1.125 44.612 8.459 -1.9579 4.5012
-12.875 -1.062 44.614 8.545 -2.7455 4.9113
-12.875 -1.000 44.615 8.630 -2.1986 5.4099
-12.875 -0.938 44.616 8.716 -1.6908 5.4782
-12.875 -0.875 44.617 8.802 -2.1122 5.9690
-12.875 -0.812 44.618 8.887 -1.5150 6.0896
-12.875 -0.750 44.619 8.973 -0.6566 5.5456
-12.875 -0.688 44.620 9.058 -0.7426 4.8117
-12.875 -0.625 44.621 9.144 -0.5638 4.2434
-12.875 -0.562 44.622 9.230 0.2487 3.9763
-12.875 -0.500 44.622 9.315 0.9132 3.9333
-12.875 -0.438 44.623 9.401 1.2555 3.6765
-12.875 -0.375 44.624 9.486 0.9742 3.4670
-12.875 -0.312 44.624 9.572 0.4015 3.8806
-12.875 -0.250 44.624 9.658 1.0431 4.1892
-12.875 -0.188 44.625 9.743 1.7213 3.6589
-12.875 -0.125 44.625 9.829 0.7736 3.9699
-12.875 -0.062 44.625 9.914 0.9879 4.7297
-12.875 0.000 44.625 10.000 2.3785 4.2443
-12.875 0.062 44.625 10.086 3.0714 3.1379
-12.875 0.125 44.625 10.171 2.0250 2.5149
-12.875 0.188 44.625 10.257 0.5377 2.4904
-12.875 0.250 44.624 10.342 0.0177 0.2932
-12.875 0.312 44.624 10.428 -0.1161 -0.9656
-12.875 0.375 44.624 10.514 -1.0721 -0.3631
-12.875 0.438 44.623 10.599 -1.0082 -0.2835
-12.875 0.500 44.622 10.685 -0.6527 -0.7747
-12.875 0.562 44.622 10.770 -0.3656 -1.1521
-12.875 0.625 44.621 10.856 -0.0907 -1.2332
-12.875 0.688 44.620 10.942 -0.0370 -1.3465
-12.875 0.750 44.619 11.027 0.2111 -1.7039
-12.875 0.812 44.618 11.113 0.7858 -2.0203
-12.875 0.875 44.617 11.198 1.1173 -2.1932
-12.875 0.938 44.616 11.284 1.3688 -2.2498
-12.875 1.000 44.615 11.370 1.5968 -2.3733
-12.875 1.062 44.614 11.455 1.7369 -2.4900
-12.812 -1.188 44.673 8.372 -1.6625 5.2238
-12.812 -1.125 44.675 8.457 -2.1464 4.5158
-12.812 -1.062 44.676 8.543 -2.7206 5.1921
-12.812 -1.000 44.677 8.629 -2.1073 5.8791
-12.812 -0.938 44.679 8.714 -1.5355 5.3459
-12.812 -0.875 44.680 8.800 -1.6254 5.2800
-12.812 -0.812 44.681 8.886 -1.1547 5.5744
-12.812 -0.750 44.682 8.971 -0.4901 5.1628
-12.812 -0.688 44.683 9.057 -0.1620 5.0026
-12.812 -0.625 44.684 9.143 -0.0604 3.9763
-12.812 -0.562 44.684 9.229 0.0949 3.8298
-12.812 -0.500 44.685 9.314 0.7267 3.7732
-12.812 -0.438 44.686 9.400 1.6657 3.5817
-12.812 -0.375 44.686 9.486 1.5118 3.3405
-12.812 -0.312 44.687 9.571 0.8644 3.4504
-12.812 -0.250 44.687 9.657 1.1281 4.0178
-12.812 -0.188 44.687 9.743 1.6715 3.5705
-12.812 -0.125 44.687 9.829 0.9699 3.7390
-12.812 -0.062 44.687 9.914 1.0407 4.8078
-12.812 0.000 44.688 10.000 2.4777 4.9367
-12.812 0.062 44.687 10.086 3.6012 3.7434
-12.812 0.125 44.687 10.171 4.0988 2.4553
-12.812 0.188 44.687 10.257 1.2614 -0.2889
-12.812 0.250 44.687 10.343 -1.5150 -1.6336
-12.812 0.312 44.687 10.429 -1.0580 -1.4876
-12.812 0.375 44.686 10.514 -0.5951 -1.4143
-12.812 0.438 44.686 10.600 0.1022 -0.9788
-12.812 0.500 44.685 10.686 -0.1952 -1.0975
-12.812 0.562 44.684 10.771 0.0094 -1.1272
-12.812 0.625 44.684 10.857 0.3439 -1.2249
-12.812 0.688 44.683 10.943 0.6202 -1.3118
-12.812 0.750 44.682 11.029 0.9977 -1.4119
-12.812 0.812 44.681 11.114 1.4562 -1.5418
-12.812 0.875 44.680 11.200 1.7662 -1.6541
-12.812 0.938 44.679 11.286 1.8429 -1.7649
-12.812 1.000 44.677 11.371 1.9611 -1.8250
-12.812 1.062 44.676 11.457 2.1852 -1.9588
-12.750 -1.188 44.736 8.369 -1.6351 4.9484
-12.750 -1.125 44.737 8.455 -2.4686 4.7360
-12.750 -1.062 44.739 8.541 -2.5941 5.5124
-12.750 -1.000 44.740 8.627 -1.8085 5.9328
-12.750 -0.938 44.741 8.713 -1.4047 5.5588
-12.750 -0.875 44.742 8.798 -1.1698 5.3664
-12.750 -0.812 44.743 8.884 -0.4623 5.4074
-12.750 -0.750 44.744 8.970 0.2325 4.6892
-12.750 -0.688 44.745 9.056 0.8073 4.7819
-12.750 -0.625 44.746 9.142 0.5983 2.7429
-12.750 -0.562 44.747 9.228 -0.3075 2.6980
-12.750 -0.500 44.747 9.313 0.4030 3.7360
-12.750 -0.438 44.748 9.399 1.7418 3.3845
-12.750 -0.375 44.749 9.485 1.7770 2.2644
-12.750 -0.312 44.749 9.571 0.7164 1.3493
-12.750 -0.250 44.749 9.657 0.6237 1.3405
-12.750 -0.188 44.750 9.742 0.9279 0.8586
-12.750 -0.125 44.750 9.828 0.8527 1.2902
-12.750 -0.062 44.750 9.914 1.0856 3.8879
-12.750 0.000 44.750 10.000 2.4127 4.8400
-12.750 0.062 44.750 10.086 3.3634 2.6296
-12.750 0.125 44.750 10.172 3.2750 0.3059
-12.750 0.188 44.750 10.258 1.4220 -2.1082
-12.750 0.250 44.749 10.343 -0.3514 -0.5159
-12.750 0.312 44.749 10.429 -0.6547 -0.2342
-12.750 0.375 44.749 10.515 -0.0258 -0.6346
-12.750 0.438 44.748 10.601 0.4938 -0.8323
-12.750 0.500 44.747 10.687 0.6110 -1.1336
-12.750 0.562 44.747 10.772 0.6779 -1.1018
-12.750 0.625 44.746 10.858 0.9039 -1.0545
-12.750 0.688 44.745 10.944 1.1813 -1.0447
-12.750 0.750 44.744 11.030 1.5514 -1.1204
-12.750 0.812 44.743 11.116 1.9738 -1.2723
-12.750 0.875 44.742 11.202 2.1676 -1.3562
-12.750 0.938 44.741 11.287 2.2916 -1.1507
-12.750 1.000 44.740 11.373 2.2257 -0.9900
-12.750 1.062 44.739 11.459 2.1906 -1.1365
-12.688 -1.188 44.798 8.367 -1.4095 4.4719
-12.688 -1.125 44.800 8.453 -2.4803 4.7087
-12.688 -1.062 44.801 8.539 -2.3876 5.8059
-12.688 -1.000 44.802 8.625 -1.5863 5.9743
-12.688 -0.938 44.804 8.711 -1.2235 5.8025
-12.688 -0.875 44.805 8.797 -0.6649 5.8259
-12.688 -0.812 44.806 8.883 0.2926 5.5339
-12.688 -0.750 44.807 8.969 1.0441 4.7683
-12.688 -0.688 44.808 9.055 1.7848 4.0080
-12.688 -0.625 44.809 9.141 1.2897 1.4738
-12.688 -0.562 44.809 9.226 0.5704 0.6911
-12.688 -0.500 44.810 9.312 0.7013 2.6413
-12.688 -0.438 44.811 9.398 1.2897 2.7483
-12.688 -0.375 44.811 9.484 0.3693 0.3689
-12.688 -0.312 44.812 9.570 -0.6991 -0.6390
-12.688 -0.250 44.812 9.656 -0.8480 -1.1780
-12.688 -0.188 44.812 9.742 -0.3568 -1.9783
-12.688 -0.125 44.812 9.828 0.7013 -2.2493
-12.688 -0.062 44.812 9.914 0.2408 -1.1824
-12.688 0.000 44.812 10.000 -0.7968 -0.2810
-12.688 0.062 44.812 10.086 0.2369 -0.7454
-12.688 0.125 44.812 10.172 1.9479 -1.6204
-12.688 0.188 44.812 10.258 2.1881 -1.2923
-12.688 0.250 44.812 10.344 0.8331 -0.8025
-12.688 0.312 44.812 10.430 -0.3446 -0.7532
-12.688 0.375 44.811 10.516 0.0284 -0.5613
-12.688 0.438 44.811 10.602 0.5607 -0.6341
-12.688 0.500 44.810 10.688 0.7081 -0.8636
-12.688 0.562 44.809 10.774 0.8966 -1.0013
-12.688 0.625 44.809 10.859 1.1710 -1.0164
-12.688 0.688 44.808 10.945 1.4313 -1.0413
-12.688 0.750 44.807 11.031 1.7379 -0.9837
-12.688 0.812 44.806 11.117 2.1022 -0.9637
-12.688 0.875 44.805 11.203 2.5157 -0.8894
-12.688 0.938 44.804 11.289 2.6290 -0.7796
-12.688 1.000 44.802 11.375 2.4874 -0.6751
-12.688 1.062 44.801 11.461 2.3282 -0.4822
-12.625 -1.188 44.861 8.365 -1.2592 4.1701
-12.625 -1.125 44.862 8.451 -2.5702 4.7077
-12.625 -1.062 44.864 8.537 -2.0585 5.8025
-12.625 -1.000 44.865 8.623 -1.2606 5.6921
-12.625 -0.938 44.866 8.709 -0.9115 5.7307
-12.625 -0.875 44.867 8.795 -0.1879 5.8088
-12.625 -0.812 44.868 8.881 0.9157 5.2400
-12.625 -0.750 44.869 8.967 1.6530 4.4768
-12.625 -0.688 44.870 9.053 2.5255 3.0075
-12.625 -0.625 44.871 9.139 2.1222 0.7263
-12.625 -0.562 44.872 9.225 1.1119 -0.1966
-12.625 -0.500 44.872 9.312 0.5538 0.1877
-12.625 -0.438 44.873 9.398 0.3234 0.0681
-12.625 -0.375 44.874 9.484 -0.5326 -1.1092
-12.625 -0.312 44.874 9.570 -0.1605 -0.9085
-12.625 -0.250 44.874 9.656 -0.6595 -0.5979
-12.625 -0.188 44.875 9.742 -0.7323 -1.5750
-12.625 -0.125 44.875 9.828 -0.1947 -2.0823
-12.625 -0.062 44.875 9.914 -0.4847 -2.0413
-12.625 0.000 44.875 10.000 -0.3895 -1.7405
-12.625 0.062 44.875 10.086 0.3414 -1.4778
-12.625 0.125 44.875 10.172 1.0382 -1.4358
-12.625 0.188 44.875 10.258 1.5001 -1.7967
-12.625 0.250 44.874 10.344 1.1373 -1.5989
-12.625 0.312 44.874 10.430 0.8575 -0.8772
-12.625 0.375 44.874 10.516 0.9220 -0.2703
-12.625 0.438 44.873 10.602 0.9537 -0.3484
-12.625 0.500 44.872 10.688 0.7970 -0.5120
-12.625 0.562 44.872 10.775 0.9630 -0.7342
-12.625 0.625 44.871 10.861 1.3063 -0.7664
-12.625 0.688 44.870 10.947 1.6202 -0.6653
-12.625 0.750 44.869 11.033 1.9357 -0.4832
-12.625 0.812 44.868 11.119 2.3102 -0.3406
-12.625 0.875 44.867 11.205 2.6466 -0.3225
-12.625 0.938 44.866 11.291 2.7296 -0.3943
-12.625 1.000 44.865 11.377 2.7804 -0.3177
-12.625 1.062 44.864 11.463 2.6871 -0.0599
-12.562 -1.188 44.923 8.363 -0.9130 4.0217
-12.562 -1.125 44.925 8.449 -2.5746 4.6662
-12.562 -1.062 44.926 8.535 -1.6742 5.6091
-12.562 -1.000 44.927 8.621 -0.8490 5.2561
-12.562 -0.938 44.929 8.707 -0.5341 5.4719
-12.562 -0.875 44.930 8.794 0.1481 5.4860
-12.562 -0.812 44.931 8.880 1.1954 4.7819
-12.562 -0.750 44.932 8.966 2.1632 4.0754
-12.562 -0.688 44.933 9.052 1.9948 1.3742
-12.562 -0.625 44.934 9.138 0.9996 -0.7747
-12.562 -0.562 44.934 9.224 -0.0385 -1.1912
-12.562 -0.500 44.935 9.311 -1.0341 -1.0760
-12.562 -0.438 44.936 9.397 -0.2899 -1.4812
-12.562 -0.375 44.936 9.483 0.3839 -1.6272
-12.562 -0.312 44.937 9.569 0.7731 -1.1463
-12.562 -0.250 44.937 9.655 0.0597 -0.5364
-12.562 -0.188 44.937 9.741 -0.9540 -1.8841
-12.562 -0.125 44.937 9.828 -0.1630 -2.0110
-12.562 -0.062 44.937 9.914 -0.2113 -1.6355
-12.562 0.000 44.937 10.000 -0.1195 -1.4119
-12.562 0.062 44.937 10.086 0.3468 -1.2283
-12.562 0.125 44.937 10.172 0.7809 -1.1023
-12.562 0.188 44.937 10.259 1.1241 -1.0208
-12.562 0.250 44.937 10.345 1.5504 -0.8699
-12.562 0.312 44.937 10.431 1.6857 -0.8919
-12.562 0.375 44.936 10.517 1.4840 -0.9642
-12.562 0.438 44.936 10.603 1.2882 -1.3479
-12.562 0.500 44.935 10.689 0.9699 -0.8684
-12.562 0.562 44.934 10.776 0.9645 -0.4422
-12.562 0.625 44.934 10.862 1.3663 -0.2913
-12.562 0.688 44.933 10.948 1.7677 -0.2303
-12.562 0.750 44.932 11.034 2.1119 -0.0301
-12.562 0.812 44.931 11.120 2.4586 0.1369
-12.562 0.875 44.930 11.206 2.7203 0.1633
-12.562 0.938 44.929 11.293 2.7770 0.1687
-12.562 1.000 44.927 11.379 2.8644 0.3078
-12.562 1.062 44.926 11.465 2.9445 0.4548
-12.500 -1.188 44.986 8.361 -0.1820 2.9538
-12.500 -1.125 44.987 8.447 -2.3373 4.2658
-12.500 -1.062 44.989 8.533 -1.2435 4.8928
-12.500 -1.000 44.990 8.619 -0.5087 4.9348
-12.500 -0.938 44.991 8.706 -0.3900 4.9782
-12.500 -0.875 44.992 8.792 -0.0482 4.8527
-12.500 -0.812 44.993 8.878 1.3722 4.4338
-12.500 -0.750 44.994 8.965 1.2511 2.8820
-12.500 -0.688 44.995 9.051 -0.2743 0.2014
-12.500 -0.625 44.996 9.137 -0.1615 -0.7942
-12.500 -0.562 44.997 9.223 0.2252 -1.6311
-12.500 -0.500 44.997 9.310 -0.2426 -0.5794
-12.500 -0.438 44.998 9.396 -0.3339 -0.8196
-12.500 -0.375 44.999 9.482 0.1417 -1.4559
-12.500 -0.312 44.999 9.569 0.7252 -1.7098
-12.500 -0.250 44.999 9.655 0.4596 -1.4070
-12.500 -0.188 45.000 9.741 -0.4301 -1.9178
-12.500 -0.125 45.000 9.827 0.0284 -2.1824
-12.500 -0.062 45.000 9.914 0.1427 -2.1966
-12.500 0.000 45.000 10.000 0.2316 -2.1995
-12.500 0.062 45.000 10.086 0.3361 -2.0516
-12.500 0.125 45.000 10.173 0.5494 -1.9461
-12.500 0.188 45.000 10.259 0.9806 -2.1834
-12.500 0.250 44.999 10.345 1.5172 -2.3435
-12.500 0.312 44.999 10.431 1.4489 -2.3225
-12.500 0.375 44.999 10.518 1.4254 -2.2308
-12.500 0.438 44.998 10.604 1.6871 -1.9598
-12.500 0.500 44.997 10.690 1.9679 -1.5423
-12.500 0.562 44.997 10.777 1.8912 -0.8836
-12.500 0.625 44.996 10.863 1.8351 -0.3279
-12.500 0.688 44.995 10.949 2.0699 0.0466
-12.500 0.750 44.994 11.035 2.4137 0.3156
-12.500 0.812 44.993 11.122 2.6544 0.5476
-12.500 0.875 44.992 11.208 2.8033 0.7131
-12.500 0.938 44.991 11.294 2.8541 0.7883
-12.500 1.000 44.990 11.381 2.8732 0.9514
-12.500 1.062 44.989 11.467 2.9391 1.1086
-12.438 -1.188 45.048 8.359 0.7804 -1.0164
-12.438 -1.125 45.050 8.445 -1.7176 3.1169
-12.438 -1.062 45.051 8.531 -0.8866 3.9699
-12.438 -1.000 45.052 8.618 -0.1635 3.7824
-12.438 -0.938 45.054 8.704 -0.5428 4.0998
-12.438 -0.875 45.055 8.790 0.0250 4.4670
-12.438 -0.812 45.056 8.877 0.9054 3.6618
-12.438 -0.750 45.057 8.963 -0.3920 1.2219
-12.438 -0.688 45.058 9.050 -1.1996 0.3825
-12.438 -0.625 45.059 9.136 -0.7860 -0.3479
-12.438 -0.562 45.059 9.222 0.3942 -1.0965
-12.438 -0.500 45.060 9.309 0.6906 -1.7576
-12.438 -0.438 45.061 9.395 0.2931 -1.7688
-12.438 -0.375 45.061 9.482 0.3488 -1.4793
-12.438 -0.312 45.062 9.568 0.5646 -1.2591
-12.438 -0.250 45.062 9.654 0.4991 -1.6487
-12.438 -0.188 45.062 9.741 0.2467 -2.0647
-12.438 -0.125 45.062 9.827 0.2731 -2.4466
-12.438 -0.062 45.062 9.914 0.2618 -3.0784
-12.438 0.000 45.062 10.000 0.3722 -3.1941
-12.438 0.062 45.062 10.086 0.4025 -3.2034
-12.438 0.125 45.062 10.173 0.5485 -3.0013
-12.438 0.188 45.062 10.259 0.9283 -2.8870
-12.438 0.250 45.062 10.346 1.3356 -2.7337
-12.438 0.312 45.062 10.432 1.6373 -2.3299
-12.438 0.375 45.061 10.518 1.9816 -1.8201
-12.438 0.438 45.061 10.605 2.3102 -1.1839
-12.438 0.500 45.060 10.691 2.5416 -0.6770
-12.438 0.562 45.059 10.778 2.5714 -0.2073
-12.438 0.625 45.059 10.864 2.5231 0.2268
-12.438 0.688 45.058 10.950 2.6349 0.6276
-12.438 0.750 45.057 11.037 2.8732 0.9255
-12.438 0.812 45.056 11.123 2.9801 1.1911
-12.438 0.875 45.055 11.210 2.9200 1.3855
-12.438 0.938 45.054 11.296 2.8605 1.4074
-12.438 1.000 45.052 11.382 2.8966 1.4406
-12.438 1.062 45.051 11.469 2.9508 1.5036
-12.375 -1.188 45.111 8.356 0.7296 -2.7952
-12.375 -1.125 45.112 8.443 0.5070 0.4040
-12.375 -1.062 45.113 8.529 -0.6752 3.0505
-12.375 -1.000 45.115 8.616 -0.2445 2.8645
-12.375 -0.938 45.116 8.702 -0.2201 3.2683
-12.375 -0.875 45.117 8.789 0.4659 3.8483
-12.375 -0.812 45.118 8.875 -0.4496 2.1106
-12.375 -0.750 45.119 8.962 -0.9423 0.7863
-12.375 -0.688 45.120 9.048 -1.0614 1.0974
-12.375 -0.625 45.121 9.135 -0.6190 0.4353
-12.375 -0.562 45.122 9.221 0.0192 0.0368
-12.375 -0.500 45.122 9.308 0.5109 -1.0462
-12.375 -0.438 45.123 9.394 0.8077 -1.4754
-12.375 -0.375 45.124 9.481 0.9987 -1.6951
-12.375 -0.312 45.124 9.567 0.7965 -1.7454
-12.375 -0.250 45.124 9.654 0.4547 -2.0994
-12.375 -0.188 45.125 9.740 0.5392 -2.2752
-12.375 -0.125 45.125 9.827 0.4308 -2.4280
-12.375 -0.062 45.125 9.913 0.4157 -2.9417
-12.375 0.000 45.125 10.000 0.6227 -2.9842
-12.375 0.062 45.125 10.087 0.8707 -2.8274
-12.375 0.125 45.125 10.173 1.2657 -2.4568
-12.375 0.188 45.125 10.260 1.6866 -1.9876
-12.375 0.250 45.124 10.346 2.0436 -1.4866
-12.375 0.312 45.124 10.433 2.3468 -0.9305
-12.375 0.375 45.124 10.519 2.6642 -0.3924
-12.375 0.438 45.123 10.606 2.7701 -0.0779
-12.375 0.500 45.122 10.692 2.7555 0.0935
-12.375 0.562 45.122 10.779 2.7511 0.3308
-12.375 0.625 45.121 10.865 2.7902 0.7375
-12.375 0.688 45.120 10.952 2.9855 1.1594
-12.375 0.750 45.119 11.038 3.3346 1.3879
-12.375 0.812 45.118 11.125 3.5328 1.5520
-12.375 0.875 45.117 11.211 3.4264 1.7395
-12.375 0.938 45.116 11.298 3.2062 1.8523
-12.375 1.000 45.115 11.384 3.0065 1.8181
-12.375 1.062 45.113 11.471 2.9376 1.7028
-12.312 -1.188 45.173 8.354 1.0900 -3.3699
-12.312 -1.125 45.175 8.441 1.1036 -2.0677
-12.312 -1.062 45.176 8.527 0.9430 0.2702
-12.312 -1.000 45.177 8.614 0.0568 2.8176
-12.312 -0.938 45.179 8.701 0.2291 2.5730
-12.312 -0.875 45.180 8.787 -0.0345 1.9187
-12.312 -0.812 45.181 8.874 -0.7333 0.7326
-12.312 -0.750 45.182 8.960 -0.3778 0.7531
-12.312 -0.688 45.183 9.047 -0.4393 1.1467
-12.312 -0.625 45.184 9.134 -0.2562 0.8620
-12.312 -0.562 45.184 9.220 -0.0096 0.1838
-12.312 -0.500 45.185 9.307 0.5675 -0.6653
-12.312 -0.438 45.186 9.394 0.7980 -1.2615
-12.312 -0.375 45.186 9.480 0.6383 -1.7664
-12.312 -0.312 45.187 9.567 0.6959 -1.8797
-12.312 -0.250 45.187 9.653 0.7081 -1.9446
-12.312 -0.188 45.187 9.740 0.5949 -1.7679
-12.312 -0.125 45.187 9.827 0.5763 -1.5545
-12.312 -0.062 45.187 9.913 0.9025 -1.4031
-12.312 0.000 45.188 10.000 1.4347 -1.2171
-12.312 0.062 45.187 10.087 1.7257 -1.0003
-12.312 0.125 45.187 10.173 1.9655 -0.7962
-12.312 0.188 45.187 10.260 2.2706 -0.5877
-12.312 0.250 45.187 10.347 2.6168 -0.2903
-12.312 0.312 45.187 10.433 2.9069 -0.0833
-12.312 0.375 45.186 10.520 2.8873 0.0495
-12.312 0.438 45.186 10.606 2.6998 0.1950
-12.312 0.500 45.185 10.693 2.5358 0.3005
-12.312 0.562 45.184 10.780 2.6881 0.3708
-12.312 0.625 45.184 10.866 3.0480 0.5983
-12.312 0.688 45.183 10.953 3.2638 0.9665
-12.312 0.750 45.182 11.040 3.4244 1.2858
-12.312 0.812 45.181 11.126 3.5533 1.4709
-12.312 0.875 45.180 11.213 3.4767 1.7595
-12.312 0.938 45.179 11.299 3.2858 2.0603
-12.312 1.000 45.177 11.386 3.0978 2.2024
-12.312 1.062 45.176 11.473 2.9528 2.1013
-12.250 -1.188 45.236 8.352 1.2506 -3.5140
-12.250 -1.125 45.237 8.439 1.0934 -3.4427
-12.250 -1.062 45.238 8.525 2.0685 -1.9676
-12.250 -1.000 45.240 8.612 1.0787 2.5163
-12.250 -0.938 45.241 8.699 -0.0677 2.3195
-12.250 -0.875 45.242 8.786 -0.6298 0.9367
-12.250 -0.812 45.243 8.872 -0.1288 0.7253
-12.250 -0.750 45.244 8.959 0.2545 0.8283
-12.250 -0.688 45.245 9.046 0.1647 0.7946
-12.250 -0.625 45.246 9.132 -0.0985 0.5246
-12.250 -0.562 45.247 9.219 -0.2909 -0.4656
-12.250 -0.500 45.247 9.306 0.3995 -1.1546
-12.250 -0.438 45.248 9.393 0.7638 -1.4798
-12.250 -0.375 45.249 9.479 1.3287 -1.5408
-12.250 -0.312 45.249 9.566 1.7501 -1.2361
-12.250 -0.250 45.249 9.653 1.5778 -1.2425
-12.250 -0.188 45.250 9.740 1.3966 -1.2913
-12.250 -0.125 45.250 9.826 1.3654 -0.8250
-12.250 -0.062 45.250 9.913 1.7697 -0.2010
-12.250 0.000 45.250 10.000 2.2032 -0.0389
-12.250 0.062 45.250 10.087 2.3512 -0.0867
-12.250 0.125 45.250 10.174 2.4205 -0.0945
-12.250 0.188 45.250 10.260 2.5768 -0.1780
-12.250 0.250 45.249 10.347 2.7213 -0.2635
-12.250 0.312 45.249 10.434 2.7760 -0.4226
-12.250 0.375 45.249 10.521 2.7384 -0.5369
-12.250 0.438 45.248 10.607 2.6896 -0.2972
-12.250 0.500 45.247 10.694 2.7472 0.2453
-12.250 0.562 45.247 10.781 2.9933 0.6423
-12.250 0.625 45.246 10.868 3.3702 0.8274
-12.250 0.688 45.245 10.954 3.5631 0.9421
-12.250 0.750 45.244 11.041 3.6119 1.1447
-12.250 0.812 45.243 11.128 3.7716 1.3444
-12.250 0.875 45.242 11.214 3.8668 1.4816
-12.250 0.938 45.241 11.301 3.7081 1.8142
-12.250 1.000 45.240 11.388 3.3107 2.3332
-12.250 1.062 45.238 11.475 2.9703 2.5979
-12.188 -1.188 45.298 8.350 1.2467 -2.8860
-12.188 -1.125 45.300 8.437 1.3414 -3.1101
-12.188 -1.062 45.301 8.523 1.9215 -2.8558
-12.188 -1.000 45.302 8.610 1.7218 -0.3489
-12.188 -0.938 45.304 8.697 -0.0765 2.0007
-12.188 -0.875 45.305 8.784 -0.4901 1.4709
-12.188 -0.812 45.306 8.871 0.1686 1.1809
-12.188 -0.750 45.307 8.958 0.6412 0.8034
-12.188 -0.688 45.308 9.044 0.7960 0.5803
-12.188 -0.625 45.309 9.131 0.1720 0.5749
-12.188 -0.562 45.309 9.218 -0.1620 -0.1805
-12.188 -0.500 45.310 9.305 0.5949 -0.6448
-12.188 -0.438 45.311 9.392 1.2194 -0.7947
-12.188 -0.375 45.311 9.479 1.7032 -1.0872
-12.188 -0.312 45.312 9.566 1.9977 -1.3055
-12.188 -0.250 45.312 9.653 2.1246 -1.3118
-12.188 -0.188 45.312 9.739 2.2482 -1.2234
-12.188 -0.125 45.312 9.826 2.2228 -0.8704
-12.188 -0.062 45.312 9.913 2.2257 -0.3709
-12.188 0.000 45.313 10.000 2.4982 -0.1267
-12.188 0.062 45.312 10.087 2.7301 -0.0642
-12.188 0.125 45.312 10.174 2.8058 -0.1477
-12.188 0.188 45.312 10.261 2.8527 -0.2439
-12.188 0.250 45.312 10.347 2.8190 -0.3343
-12.188 0.312 45.312 10.434 2.8790 -0.3475
-12.188 0.375 45.311 10.521 3.0402 -0.1907
-12.188 0.438 45.311 10.608 3.0988 0.1477
-12.188 0.500 45.310 10.695 3.1036 0.5105
-12.188 0.562 45.309 10.782 3.1583 0.8420
-12.188 0.625 45.309 10.869 3.3258 1.1076
-12.188 0.688 45.308 10.956 3.5890 1.2790
-12.188 0.750 45.307 11.042 3.8600 1.4006
-12.188 0.812 45.306 11.129 3.9122 1.4880
-12.188 0.875 45.305 11.216 3.8131 1.5378
-12.188 0.938 45.304 11.303 3.9015 1.7092
-12.188 1.000 45.302 11.390 3.7335 2.0730
-12.188 1.062 45.301 11.477 3.3165 2.5603
-12.125 -1.188 45.361 8.348 1.1256 -2.0799
-12.125 -1.125 45.362 8.434 1.2091 -2.2957
-12.125 -1.062 45.363 8.521 1.7272 -2.7303
-12.125 -1.000 45.365 8.608 2.5592 -1.7395
-12.125 -0.938 45.366 8.695 1.4357 1.0573
-12.125 -0.875 45.367 8.782 -0.0052 1.9289
-12.125 -0.812 45.368 8.869 0.3190 1.4450
-12.125 -0.750 45.369 8.956 0.7848 1.1066
-12.125 -0.688 45.370 9.043 1.1427 0.8064
-12.125 -0.625 45.371 9.130 0.6266 0.3791
-12.125 -0.562 45.372 9.217 0.3741 -0.0511
-12.125 -0.500 45.372 9.304 1.0094 -0.1458
-12.125 -0.438 45.373 9.391 1.5011 -0.2688
-12.125 -0.375 45.374 9.478 1.7643 -0.5296
-12.125 -0.312 45.374 9.565 2.0231 -0.8714
-12.125 -0.250 45.374 9.652 2.2199 -1.1258
-12.125 -0.188 45.375 9.739 2.5988 -1.2776
-12.125 -0.125 45.375 9.826 2.9332 -1.1067
-12.125 -0.062 45.375 9.913 2.9274 -0.6995
-12.125 0.000 45.375 10.000 2.9547 -0.4324
-12.125 0.062 45.375 10.087 2.9498 -0.3094
-12.125 0.125 45.375 10.174 3.0026 -0.2820
-12.125 0.188 45.375 10.261 3.1544 -0.2552
-12.125 0.250 45.374 10.348 3.2643 -0.1233
-12.125 0.312 45.374 10.435 3.2819 0.1941
-12.125 0.375 45.374 10.522 3.3883 0.4948
-12.125 0.438 45.373 10.609 3.4918 0.6809
-12.125 0.500 45.372 10.696 3.4406 0.8059
-12.125 0.562 45.372 10.783 3.4591 1.0310
-12.125 0.625 45.371 10.870 3.5392 1.2810
-12.125 0.688 45.370 10.957 3.6954 1.4563
-12.125 0.750 45.369 11.044 3.9249 1.8283
-12.125 0.812 45.368 11.131 3.9894 2.2341
-12.125 0.875 45.367 11.218 3.7775 2.3464
-12.125 0.938 45.366 11.305 3.7159 2.2844
-12.125 1.000 45.365 11.392 3.5953 2.3811
-12.125 1.062 45.363 11.479 3.2848 2.6853
-12.062 -1.188 45.423 8.345 1.0612 -1.4178
-12.062 -1.125 45.425 8.432 1.0192 -1.3982
-12.062 -1.062 45.426 8.519 1.6085 -1.6170
-12.062 -1.000 45.427 8.607 2.6666 -1.1761
-12.062 -0.938 45.428 8.694 2.4147 0.1316
-12.062 -0.875 45.430 8.781 0.9244 1.4089
-12.062 -0.812 45.431 8.868 0.6071 1.5373
-12.062 -0.750 45.432 8.955 1.0533 1.2443
-12.062 -0.688 45.433 9.042 1.1949 1.0344
-12.062 -0.625 45.433 9.129 0.7887 0.5720
-12.062 -0.562 45.434 9.216 0.8532 0.4143
-12.062 -0.500 45.435 9.303 1.3532 0.3615
-12.062 -0.438 45.436 9.390 1.8405 0.2927
-12.062 -0.375 45.436 9.477 2.0157 0.1501
-12.062 -0.312 45.436 9.564 2.0338 -0.4778
-12.062 -0.250 45.437 9.652 2.3688 -0.8841
-12.062 -0.188 45.437 9.739 2.8287 -1.0086
-12.062 -0.125 45.437 9.826 3.2218 -1.0682
-12.062 -0.062 45.437 9.913 3.3439 -0.9700
-12.062 0.000 45.438 10.000 3.2325 -0.8445
-12.062 0.062 45.437 10.087 3.2452 -0.8147
-12.062 0.125 45.437 10.174 3.3737 -0.6175
-12.062 0.188 45.437 10.261 3.4967 -0.2464
-12.062 0.250 45.437 10.348 3.6012 0.0256
-12.062 0.312 45.436 10.436 3.7506 0.3298
-12.062 0.375 45.436 10.523 3.5890 0.8674
-12.062 0.438 45.436 10.610 2.9537 0.0500
-12.062 0.500 45.435 10.697 2.7711 -0.5052
-12.062 0.562 45.434 10.784 3.1901 -0.4026
-12.062 0.625 45.433 10.871 3.4655 -0.4676
-12.062 0.688 45.433 10.958 3.5905 -0.4290
-12.062 0.750 45.432 11.045 4.0714 0.0163
-12.062 0.812 45.431 11.132 4.3380 1.0398
-12.062 0.875 45.430 11.219 4.0758 2.1447
-12.062 0.938 45.428 11.306 3.7291 2.5324
-12.062 1.000 45.427 11.393 3.6080 2.7595
-12.062 1.062 45.426 11.481 3.3385 2.7741
-12.000 -1.188 45.486 8.343 1.0992 -0.7171
-12.000 -1.125 45.487 8.430 1.0543 -0.5281
-12.000 -1.062 45.488 8.517 1.4845 -0.7347
-12.000 -1.000 45.490 8.605 2.3737 -0.8128
-12.000 -0.938 45.491 8.692 2.2247 -0.0301
-12.000 -0.875 45.492 8.779 1.7448 0.8581
-12.000 -0.812 45.493 8.866 1.1964 1.5432
-12.000 -0.750 45.494 8.953 1.1964 1.3933
-12.000 -0.688 45.495 9.041 1.3053 1.0441
-12.000 -0.625 45.496 9.128 1.3116 0.6447
-12.000 -0.562 45.497 9.215 1.4200 0.6267
-12.000 -0.500 45.497 9.302 1.5377 0.4450
-12.000 -0.438 45.498 9.389 1.9064 -0.0862
-12.000 -0.375 45.499 9.477 2.0397 -0.5271
-12.000 -0.312 45.499 9.564 2.2223 -0.6814
-12.000 -0.250 45.499 9.651 2.6500 -0.7156
-12.000 -0.188 45.500 9.738 2.9620 -0.7903
-12.000 -0.125 45.500 9.826 3.2311 -0.9847
-12.000 -0.062 45.500 9.913 3.3561 -1.1526
-12.000 0.000 45.500 10.000 3.3453 -1.1536
-12.000 0.062 45.500 10.087 3.2443 -1.0052
-12.000 0.125 45.500 10.174 3.3571 -0.8831
-12.000 0.188 45.500 10.262 3.6774 -0.5872
-12.000 0.250 45.499 10.349 3.9288 0.1198
-12.000 0.312 45.499 10.436 4.2301 0.7619
-12.000 0.375 45.499 10.523 2.8483 0.9528
-12.000 0.438 45.498 10.611 -0.3080 -0.3621
-12.000 0.500 45.497 10.698 -0.1425 -0.6795
-12.000 0.562 45.497 10.785 1.6652 -0.6658
-12.000 0.625 45.496 10.872 2.6276 -1.0154
-12.000 0.688 45.495 10.959 3.1827 -1.0037
-12.000 0.750 45.494 11.047 3.7355 -0.7132
-12.000 0.812 45.493 11.134 4.2657 0.0324
-12.000 0.875 45.492 11.221 4.4562 1.0998
-12.000 0.938 45.491 11.308 3.9703 1.9196
-12.000 1.000 45.490 11.395 3.7335 2.4660
-12.000 1.062 45.488 11.483 3.3722 2.2927
-11.938 -1.188 45.548 8.341 0.8390 0.2409
-11.938 -1.125 45.549 8.428 0.8746 0.2180
-11.938 -1.062 45.551 8.515 1.0978 -0.2859
-11.938 -1.000 45.552 8.603 2.0021 -0.6888
-11.938 -0.938 45.553 8.690 1.8658 -0.2718
-11.938 -0.875 45.555 8.777 1.6339 0.3859
-11.938 -0.812 45.556 8.865 1.5841 1.1643
-11.938 -0.750 45.557 8.952 1.4757 1.4675
-11.938 -0.688 45.558 9.039 1.4454 1.3650
-11.938 -0.625 45.558 9.127 1.6442 1.1613
-11.938 -0.562 45.559 9.214 1.7672 0.7780
-11.938 -0.500 45.560 9.301 1.6979 0.2155
-11.938 -0.438 45.561 9.389 1.8981 -0.2498
-11.938 -0.375 45.561 9.476 2.3160 -0.4441
-11.938 -0.312 45.561 9.563 2.6481 -0.4900
-11.938 -0.250 45.562 9.651 2.9396 -0.5530
-11.938 -0.188 45.562 9.738 3.1407 -0.6097
-11.938 -0.125 45.562 9.825 3.1949 -0.6536
-11.938 -0.062 45.562 9.913 3.1993 -0.8274
-11.938 0.000 45.562 10.000 3.2687 -1.0823
-11.938 0.062 45.562 10.087 3.3678 -1.0926
-11.938 0.125 45.562 10.175 3.2916 -0.9007
-11.938 0.188 45.562 10.262 3.4664 -0.4715
-11.938 0.250 45.562 10.349 3.8092 0.3410
-11.938 0.312 45.561 10.437 3.9479 1.2146
-11.938 0.375 45.561 10.524 0.4913 1.2736
-11.938 0.438 45.561 10.611 -1.4808 0.0627
-11.938 0.500 45.560 10.699 -0.6259 0.6760
-11.938 0.562 45.559 10.786 1.3082 0.7522
-11.938 0.625 45.558 10.873 2.5255 0.5446
-11.938 0.688 45.558 10.961 3.2662 0.3728
-11.938 0.750 45.557 11.048 3.6432 0.5891
-11.938 0.812 45.556 11.135 3.9279 1.2609
-11.938 0.875 45.555 11.223 3.9601 2.0105
-11.938 0.938 45.553 11.310 3.5729 2.6223
-11.938 1.000 45.552 11.397 3.1193 2.9763
-11.938 1.062 45.551 11.485 2.6593 2.7043
-11.875 -1.188 45.610 8.339 0.3273 0.8557
-11.875 -1.125 45.612 8.426 0.5905 0.8488
-11.875 -1.062 45.613 8.513 0.7872 0.6159
-11.875 -1.000 45.615 8.601 1.2970 0.1745
-11.875 -0.938 45.616 8.688 1.2526 -0.2293
-11.875 -0.875 45.617 8.776 1.5304 0.2214
-11.875 -0.812 45.618 8.863 1.7721 0.8010
-11.875 -0.750 45.619 8.951 1.6896 1.3396
-11.875 -0.688 45.620 9.038 1.8175 1.6052
-11.875 -0.625 45.621 9.125 1.8199 1.3230
-11.875 -0.562 45.622 9.213 1.7032 0.9094
-11.875 -0.500 45.622 9.300 1.7145 0.4099
-11.875 -0.438 45.623 9.388 2.0612 0.0817
-11.875 -0.375 45.624 9.475 2.3927 -0.2239
-11.875 -0.312 45.624 9.563 2.6818 -0.4529
-11.875 -0.250 45.624 9.650 3.0231 -0.5047
-11.875 -0.188 45.625 9.738 3.3224 -0.5071
-11.875 -0.125 45.625 9.825 3.2828 -0.4930
-11.875 -0.062 45.625 9.913 3.1290 -0.3518
-11.875 0.000 45.625 10.000 3.1505 -0.1053
-11.875 0.062 45.625 10.087 3.1017 -0.2000
-11.875 0.125 45.625 10.175 3.0407 -0.1346
-11.875 0.188 45.625 10.262 3.3761 0.3010
-11.875 0.250 45.624 10.350 3.5870 0.9328
-11.875 0.312 45.624 10.437 3.1617 1.4553
-11.875 0.375 45.624 10.525 0.4459 2.0666
-11.875 0.438 45.623 10.612 -0.6595 0.3913
-11.875 0.500 45.622 10.700 0.3141 1.4245
-11.875 0.562 45.622 10.787 2.0690 1.6467
-11.875 0.625 45.621 10.875 2.5123 1.7902
-11.875 0.688 45.620 10.962 2.7487 1.4445
-11.875 0.750 45.619 11.049 3.6222 1.0588
-11.875 0.812 45.618 11.137 3.5607 1.7478
-11.875 0.875 45.617 11.224 3.0958 2.3859
-11.875 0.938 45.616 11.312 2.6803 3.2673
-11.875 1.000 45.615 11.399 2.1793 3.5774
-11.875 1.062 45.613 11.487 1.8214 3.4773
-11.812 -1.188 45.673 8.336 0.1720 1.0002
-11.812 -1.125 45.674 8.424 0.4991 1.2717
-11.812 -1.062 45.676 8.511 0.5958 1.0778
-11.812 -1.000 45.677 8.599 0.6935 0.1179
-11.812 -0.938 45.678 8.687 0.8824 -0.0603
-11.812 -0.875 45.680 8.774 1.3092 0.0886
-11.812 -0.812 45.681 8.862 1.7125 0.5124
-11.812 -0.750 45.682 8.949 1.7701 1.0666
-11.812 -0.688 45.683 9.037 1.6461 1.3527
-11.812 -0.625 45.683 9.124 1.5651 0.8249
-11.812 -0.562 45.684 9.212 1.7189 0.4060
-11.812 -0.500 45.685 9.299 1.9376 0.2331
-11.812 -0.438 45.686 9.387 2.1051 -0.0398
-11.812 -0.375 45.686 9.475 2.2936 -0.3094
-11.812 -0.312 45.686 9.562 2.6974 -0.3099
-11.812 -0.250 45.687 9.650 3.0719 -0.1551
-11.812 -0.188 45.687 9.737 3.2804 0.0227
-11.812 -0.125 45.687 9.825 3.3077 0.0827
-11.812 -0.062 45.687 9.912 3.3302 0.3303
-11.812 0.000 45.688 10.000 2.7262 1.0241
-11.812 0.062 45.687 10.088 2.1866 0.7297
-11.812 0.125 45.687 10.175 2.6207 0.7224
-11.812 0.188 45.687 10.263 3.2819 1.1477
-11.812 0.250 45.687 10.350 3.1705 1.6413
-11.812 0.312 45.686 10.438 2.8263 2.0857
-11.812 0.375 45.686 10.525 2.3844 2.4138
-11.812 0.438 45.686 10.613 0.1066 1.9079
-11.812 0.500 45.685 10.701 0.0651 1.8103
-11.812 0.562 45.684 10.788 1.8615 2.1521
-11.812 0.625 45.683 10.876 2.1969 2.3313
-11.812 0.688 45.683 10.963 2.1490 2.4768
-11.812 0.750 45.682 11.051 3.1539 1.3474
-11.812 0.812 45.681 11.138 1.4879 1.1706
-11.812 0.875 45.680 11.226 -1.0135 0.0827
-11.812 0.938 45.678 11.313 -0.6615 1.3054
-11.812 1.000 45.677 11.401 0.0831 2.4597
-11.812 1.062 45.676 11.489 0.6808 3.0544
-11.750 -1.188 45.735 8.334 -0.1478 1.1882
-11.750 -1.125 45.737 8.422 0.1657 1.2404
-11.750 -1.062 45.738 8.509 0.1857 0.9499
-11.750 -1.000 45.740 8.597 0.4752 0.0466
-11.750 -0.938 45.741 8.685 0.8976 -0.2708
-11.750 -0.875 45.742 8.772 1.1949 0.0368
-11.750 -0.812 45.743 8.860 1.5597 0.4270
-11.750 -0.750 45.744 8.948 1.5519 0.5837
-11.750 -0.688 45.745 9.035 1.3097 0.5407
-11.750 -0.625 45.746 9.123 1.1896 0.6301
-11.750 -0.562 45.747 9.211 1.6173 0.6877
-11.750 -0.500 45.747 9.298 1.8990 0.5066
-11.750 -0.438 45.748 9.386 1.9176 -0.1702
-11.750 -0.375 45.749 9.474 2.2018 -0.3855
-11.750 -0.312 45.749 9.562 2.5865 0.1272
-11.750 -0.250 45.749 9.649 2.8878 0.5002
-11.750 -0.188 45.750 9.737 2.8449 0.8552
-11.750 -0.125 45.750 9.825 2.8287 1.0774
-11.750 -0.062 45.750 9.912 3.0055 1.1775
-11.750 0.000 45.750 10.000 1.7599 1.5256
-11.750 0.062 45.750 10.088 1.1041 1.7243
-11.750 0.125 45.750 10.175 2.2120 0.9211
-11.750 0.188 45.750 10.263 2.8522 0.8903
-11.750 0.250 45.749 10.351 2.6105 1.8962
-11.750 0.312 45.749 10.438 2.1583 3.0754
-11.750 0.375 45.749 10.526 2.5758 2.9636
-11.750 0.438 45.748 10.614 1.3922 2.8444
-11.750 0.500 45.747 10.702 0.6652 3.1379
-11.750 0.562 45.747 10.789 1.5870 3.0388
-11.750 0.625 45.746 10.877 1.8937 2.4011
-11.750 0.688 45.745 10.965 1.4186 2.8781
-11.750 0.750 45.744 11.052 2.0909 1.3161
-11.750 0.812 45.743 11.140 0.8229 0.8923
-11.750 0.875 45.742 11.228 -2.4159 0.2976
-11.750 0.938 45.741 11.315 -1.7987 0.8264
-11.750 1.000 45.740 11.403 -1.1551 1.8806
-11.750 1.062 45.738 11.491 -0.1024 2.4133
-11.688 -1.188 45.798 8.332 -0.3734 1.4524
-11.688 -1.125 45.799 8.420 0.0963 1.4524
-11.688 -1.062 45.801 8.507 -0.0551 0.9865
-11.688 -1.000 45.802 8.595 0.3746 -0.7215
-11.688 -0.938 45.803 8.683 1.1476 -0.4759
-11.688 -0.875 45.805 8.771 1.4757 0.3733
-11.688 -0.812 45.806 8.859 1.3136 0.6711
-11.688 -0.750 45.807 8.946 1.1583 0.2263
-11.688 -0.688 45.808 9.034 1.3273 0.2087
-11.688 -0.625 45.808 9.122 1.4987 0.5564
-11.688 -0.562 45.809 9.210 1.6442 1.2634
-11.688 -0.500 45.810 9.298 1.1700 1.3151
-11.688 -0.438 45.811 9.385 1.1837 0.4328
-11.688 -0.375 45.811 9.473 1.8273 0.1472
-11.688 -0.312 45.811 9.561 1.7345 0.9021
-11.688 -0.250 45.812 9.649 1.7452 1.3000
-11.688 -0.188 45.812 9.737 2.2599 1.4543
-11.688 -0.125 45.812 9.824 2.3556 1.9465
-11.688 -0.062 45.812 9.912 2.4762 1.9836
-11.688 0.000 45.813 10.000 1.5377 1.6657
-11.688 0.062 45.812 10.088 1.0978 2.1828
-11.688 0.125 45.812 10.176 2.2057 1.2214
-11.688 0.188 45.812 10.263 2.9928 0.1150
-11.688 0.250 45.812 10.351 3.2838 0.4602
-11.688 0.312 45.811 10.439 1.9733 2.5744
-11.688 0.375 45.811 10.527 1.3712 3.5349
-11.688 0.438 45.811 10.615 2.1300 3.1345
-11.688 0.500 45.810 10.702 0.6261 3.4270
-11.688 0.562 45.809 10.790 1.0743 3.4694
-11.688 0.625 45.808 10.878 2.3351 2.2258
-11.688 0.688 45.808 10.966 1.5949 2.0466
-11.688 0.750 45.807 11.054 1.4845 1.2273
-11.688 0.812 45.806 11.141 1.8048 0.6423
-11.688 0.875 45.805 11.229 -1.0218 1.6525
-11.688 0.938 45.803 11.317 -1.2767 1.6662
-11.688 1.000 45.802 11.405 -0.6561 2.3591
-11.688 1.062 45.801 11.493 0.1261 2.4675
-11.625 -1.188 45.860 8.330 -0.2191 2.0520
-11.625 -1.125 45.862 8.418 -0.3363 1.2639
-11.625 -1.062 45.863 8.505 -0.9325 0.2839
-11.625 -1.000 45.865 8.593 0.3727 -0.6663
-11.625 -0.938 45.866 8.681 1.1310 0.1623
-11.625 -0.875 45.867 8.769 0.9913 1.0578
-11.625 -0.812 45.868 8.857 0.7169 1.1623
-11.625 -0.750 45.869 8.945 0.9298 1.1867
-11.625 -0.688 45.870 9.033 1.0363 1.5925
-11.625 -0.625 45.871 9.121 1.1124 1.3899
-11.625 -0.562 45.872 9.209 0.9796 1.5207
-11.625 -0.500 45.872 9.297 0.1930 1.7043
-11.625 -0.438 45.873 9.385 0.5665 1.3313
-11.625 -0.375 45.874 9.472 1.9200 1.1091
-11.625 -0.312 45.874 9.560 1.8043 1.5734
-11.625 -0.250 45.874 9.648 1.1032 1.9782
-11.625 -0.188 45.875 9.736 1.8273 1.5368
-11.625 -0.125 45.875 9.824 1.7955 1.9968
-11.625 -0.062 45.875 9.912 1.3365 2.6794
-11.625 0.000 45.875 10.000 1.4913 2.2497
-11.625 0.062 45.875 10.088 1.3341 2.4152
-11.625 0.125 45.875 10.176 1.8063 2.0422
-11.625 0.188 45.875 10.264 2.5763 0.7771
-11.625 0.250 45.874 10.352 3.4371 -0.7708
-11.625 0.312 45.874 10.440 3.0909 -0.0120
-11.625 0.375 45.874 10.528 1.4489 3.6804
-11.625 0.438 45.873 10.615 1.7374 3.4060
-11.625 0.500 45.872 10.703 0.4889 2.8625
-11.625 0.562 45.872 10.791 0.0407 3.1809
-11.625 0.625 45.871 10.879 1.7003 2.5925
-11.625 0.688 45.870 10.967 2.4220 1.4323
-11.625 0.750 45.869 11.055 1.9957 1.3493
-11.625 0.812 45.868 11.143 2.5446 0.5656
-11.625 0.875 45.867 11.231 0.5997 1.6521
-11.625 0.938 45.866 11.319 -0.7220 2.2331
-11.625 1.000 45.865 11.407 0.8312 2.2028
-11.625 1.062 45.863 11.495 1.3400 2.7009
-11.562 -1.188 45.923 8.327 -1.1205 1.3679
-11.562 -1.125 45.924 8.415 -1.3524 0.3361
-11.562 -1.062 45.926 8.503 -0.7714 0.2868
-11.562 -1.000 45.927 8.591 0.3561 0.3864
-11.562 -0.938 45.928 8.679 1.1349 0.4123
-11.562 -0.875 45.930 8.767 0.8234 0.4758
-11.562 -0.812 45.931 8.855 0.6198 0.4787
-11.562 -0.750 45.932 8.944 1.2306 0.9943
-11.562 -0.688 45.933 9.032 1.1788 1.6159
-11.562 -0.625 45.933 9.120 0.5709 1.4289
-11.562 -0.562 45.934 9.208 0.3820 1.0598
-11.562 -0.500 45.935 9.296 0.4078 1.4909
-11.562 -0.438 45.936 9.384 0.8204 1.6081
-11.562 -0.375 45.936 9.472 1.7111 1.5246
-11.562 -0.312 45.936 9.560 1.6574 1.8288
-11.562 -0.250 45.937 9.648 0.7291 2.1999
-11.562 -0.188 45.937 9.736 1.8058 1.4157
-11.562 -0.125 45.937 9.824 1.9664 1.4533
-11.562 -0.062 45.937 9.912 0.3981 2.5090
-11.562 0.000 45.938 10.000 1.3077 2.4094
-11.562 0.062 45.937 10.088 1.3839 2.0539
-11.562 0.125 45.937 10.176 0.9943 2.3205
-11.562 0.188 45.937 10.264 1.6969 1.5544
-11.562 0.250 45.937 10.352 2.4342 0.0012
-11.562 0.312 45.936 10.440 3.6061 -0.8323
-11.562 0.375 45.936 10.528 1.5929 1.9943
-11.562 0.438 45.936 10.616 0.5597 2.9919
-11.562 0.500 45.935 10.704 1.0919 2.8796
-11.562 0.562 45.934 10.792 -0.2689 3.1823
-11.562 0.625 45.933 10.880 0.4279 3.1267
-11.562 0.688 45.933 10.968 1.9147 2.3620
-11.562 0.750 45.932 11.056 1.9933 2.0744
-11.562 0.812 45.931 11.145 2.2770 1.3415
-11.562 0.875 45.930 11.233 1.6642 0.5930
-11.562 0.938 45.928 11.321 0.2511 2.0070
-11.562 1.000 45.927 11.409 1.2462 2.0398
-11.562 1.062 45.926 11.497 1.4987 2.2024
-11.500 -1.188 45.985 8.325 -0.7679 0.1574
-11.500 -1.125 45.987 8.413 -0.7010 1.0944
-11.500 -1.062 45.988 8.501 -0.3153 1.5378
-11.500 -1.000 45.990 8.590 -0.1083 1.6257
-11.500 -0.938 45.991 8.678 0.4240 0.6696
-11.500 -0.875 45.992 8.766 0.7877 0.5085
-11.500 -0.812 45.993 8.854 0.9059 0.8693
-11.500 -0.750 45.994 8.942 1.2990 0.9514
-11.500 -0.688 45.995 9.030 1.4225 0.4597
-11.500 -0.625 45.996 9.118 0.9601 0.4670
-11.500 -0.562 45.997 9.207 0.6681 0.7351
-11.500 -0.500 45.997 9.295 0.9430 1.0588
-11.500 -0.438 45.998 9.383 1.3483 1.3088
-11.500 -0.375 45.999 9.471 1.7389 1.8566
-11.500 -0.312 45.999 9.559 1.1110 2.3464
-11.500 -0.250 45.999 9.647 0.2809 2.7922
-11.500 -0.188 46.000 9.736 1.5865 2.1633
-11.500 -0.125 46.000 9.824 2.6774 2.2263
-11.500 -0.062 46.000 9.912 1.0031 3.0764
-11.500 0.000 46.000 10.000 1.3151 2.6843
-11.500 0.062 46.000 10.088 1.6027 2.3015
-11.500 0.125 46.000 10.176 0.8385 2.6921
-11.500 0.188 46.000 10.264 0.6593 2.2805
-11.500 0.250 45.999 10.353 1.5104 1.3674
-11.500 0.312 45.999 10.441 2.9459 0.1716
-11.500 0.375 45.999 10.529 2.3966 -0.2049
-11.500 0.438 45.998 10.617 0.6979 2.6950
-11.500 0.500 45.997 10.705 0.7662 2.5793
-11.500 0.562 45.997 10.793 -1.4051 1.8313
-11.500 0.625 45.996 10.882 -0.5228 2.4275
-11.500 0.688 45.995 10.970 1.4689 2.6809
-11.500 0.750 45.994 11.058 1.7272 2.7087
-11.500 0.812 45.993 11.146 1.5499 1.9255
-11.500 0.875 45.992 11.234 1.5734 0.3361
-11.500 0.938 45.991 11.322 1.6720 0.4704
-11.500 1.000 45.990 11.410 2.2765 0.7531
-11.500 1.062 45.988 11.499 1.3058 -0.6141
-11.438 -1.188 46.048 8.323 0.5363 0.1091
-11.438 -1.125 46.049 8.411 -0.0653 1.9748
-11.438 -1.062 46.051 8.499 -0.1224 2.2888
-11.438 -1.000 46.052 8.588 -0.7631 2.0949
-11.438 -0.938 46.053 8.676 -0.2953 1.3986
-11.438 -0.875 46.055 8.764 0.8405 1.2702
-11.438 -0.812 46.056 8.852 0.4689 1.8596
-11.438 -0.750 46.057 8.941 0.3571 1.9406
-11.438 -0.688 46.058 9.029 0.9894 1.2522
-11.438 -0.625 46.058 9.117 1.2589 1.4504
-11.438 -0.562 46.059 9.205 0.8092 1.8650
-11.438 -0.500 46.060 9.294 1.0538 1.7121
-11.438 -0.438 46.061 9.382 1.9572 1.1223
-11.438 -0.375 46.061 9.470 1.8693 0.9709
-11.438 -0.312 46.061 9.559 1.0900 -0.0237
-11.438 -0.250 46.062 9.647 1.2130 1.4714
-11.438 -0.188 46.062 9.735 1.9235 2.0441
-11.438 -0.125 46.062 9.823 2.5324 0.9108
-11.438 -0.062 46.062 9.912 1.9825 1.0715
-11.438 0.000 46.063 10.000 1.3844 1.3899
-11.438 0.062 46.062 10.088 2.1666 1.6911
-11.438 0.125 46.062 10.177 1.3707 2.3786
-11.438 0.188 46.062 10.265 -0.4051 2.4006
-11.438 0.250 46.062 10.353 0.5690 2.1628
-11.438 0.312 46.061 10.441 2.0719 0.9543
-11.438 0.375 46.061 10.530 3.5031 0.4504
-11.438 0.438 46.061 10.618 0.6696 2.2912
-11.438 0.500 46.060 10.706 -1.9125 1.0300
-11.438 0.562 46.059 10.795 -2.0790 1.3527
-11.438 0.625 46.058 10.883 -0.1605 2.0866
-11.438 0.688 46.058 10.971 1.9279 2.3591
-11.438 0.750 46.057 11.059 1.5905 2.1789
-11.438 0.812 46.056 11.148 0.5226 1.7688
-11.438 0.875 46.055 11.236 0.9366 1.0632
-11.438 0.938 46.053 11.324 1.6495 0.8913
-11.438 1.000 46.052 11.412 2.3014 0.6608
-11.438 1.062 46.051 11.501 1.7032 -0.9207
-11.375 -1.188 46.110 8.321 0.8903 -0.2039
-11.375 -1.125 46.112 8.409 0.6657 0.9333
-11.375 -1.062 46.113 8.497 -1.0980 1.3078
-11.375 -1.000 46.115 8.586 -1.3368 1.2707
-11.375 -0.938 46.116 8.674 -0.5653 1.1467
-11.375 -0.875 46.117 8.762 0.8073 0.5119
-11.375 -0.812 46.118 8.851 0.8326 -0.0013
-11.375 -0.750 46.119 8.939 0.5778 0.9084
-11.375 -0.688 46.120 9.028 1.2838 1.6330
-11.375 -0.625 46.121 9.116 1.1046 1.8889
-11.375 -0.562 46.122 9.204 -0.6654 1.9021
-11.375 -0.500 46.122 9.293 0.0802 1.5002
-11.375 -0.438 46.123 9.381 1.8990 0.3996
-11.375 -0.375 46.124 9.470 1.9962 -0.8865
-11.375 -0.312 46.124 9.558 1.7360 -1.1204
-11.375 -0.250 46.124 9.646 2.0275 -0.2625
-11.375 -0.188 46.125 9.735 2.1261 -0.4451
-11.375 -0.125 46.125 9.823 1.7130 -1.0559
-11.375 -0.062 46.125 9.912 1.5797 -1.0008
-11.375 0.000 46.125 10.000 1.6642 -0.6058
-11.375 0.062 46.125 10.088 1.7355 -0.4915
-11.375 0.125 46.125 10.177 0.5494 -0.4432
-11.375 0.188 46.125 10.265 -1.1542 1.1867
-11.375 0.250 46.124 10.354 0.3429 1.8498
-11.375 0.312 46.124 10.442 1.8990 1.8147
-11.375 0.375 46.124 10.530 3.5944 1.4880
-11.375 0.438 46.123 10.619 -0.3802 1.9650
-11.375 0.500 46.122 10.707 -1.3939 1.2898
-11.375 0.562 46.122 10.796 -0.0360 2.0832
-11.375 0.625 46.121 10.884 0.8556 2.2966
-11.375 0.688 46.120 10.972 0.8571 2.9768
-11.375 0.750 46.119 11.061 0.6774 2.6106
-11.375 0.812 46.118 11.149 0.2848 2.4177
-11.375 0.875 46.117 11.238 0.8170 2.2448
-11.375 0.938 46.116 11.326 1.3551 2.2082
-11.375 1.000 46.115 11.414 1.1188 2.1223
-11.375 1.062 46.113 11.503 0.9684 1.4875
-11.312 -1.188 46.173 8.318 0.6910 -0.1590
-11.312 -1.125 46.174 8.407 0.6549 1.1052
-11.312 -1.062 46.176 8.495 -0.9384 1.5925
-11.312 -1.000 46.177 8.584 -0.9393 1.4265
-11.312 -0.938 46.178 8.672 -0.8749 0.9997
-11.312 -0.875 46.180 8.761 0.0055 0.4860
-11.312 -0.812 46.181 8.849 0.7462 0.1193
-11.312 -0.750 46.182 8.938 1.2115 0.7326
-11.312 -0.688 46.183 9.026 1.8156 1.0676
-11.312 -0.625 46.183 9.115 1.6832 0.0798
-11.312 -0.562 46.184 9.203 0.1803 1.3679
-11.312 -0.500 46.185 9.292 0.1534 1.9641
-11.312 -0.438 46.186 9.380 0.8986 1.0197
-11.312 -0.375 46.186 9.469 1.6788 0.0564
-11.312 -0.312 46.186 9.557 2.1603 0.8366
-11.312 -0.250 46.187 9.646 1.6056 1.1691
-11.312 -0.188 46.187 9.734 2.1466 0.5466
-11.312 -0.125 46.187 9.823 2.0846 0.6897
-11.312 -0.062 46.187 9.911 1.6110 0.5441
-11.312 0.000 46.188 10.000 2.0167 0.6418
-11.312 0.062 46.187 10.089 1.5939 1.1628
-11.312 0.125 46.187 10.177 0.8766 0.2556
-11.312 0.188 46.187 10.266 -0.2694 1.1906
-11.312 0.250 46.187 10.354 1.0245 1.9484
-11.312 0.312 46.186 10.443 2.5831 1.6457
-11.312 0.375 46.186 10.531 3.2477 0.4841
-11.312 0.438 46.186 10.620 0.6783 0.5920
-11.312 0.500 46.185 10.708 -0.5414 2.4538
-11.312 0.562 46.184 10.797 1.1783 2.8137
-11.312 0.625 46.183 10.885 1.5006 1.4006
-11.312 0.688 46.183 10.974 -1.5267 1.7644
-11.312 0.750 46.182 11.062 -1.1849 2.4255
-11.312 0.812 46.181 11.151 -0.1190 2.6296
-11.312 0.875 46.180 11.239 1.1256 2.7805
-11.312 0.938 46.178 11.328 1.7736 2.3723
-11.312 1.000 46.177 11.416 1.2301 2.3469
-11.312 1.062 46.176 11.505 0.8522 2.6980
-11.250 -1.188 46.235 8.316 0.6119 0.1892
-11.250 -1.125 46.237 8.405 0.4249 2.1638
-11.250 -1.062 46.238 8.493 -0.4833 2.5500
-11.250 -1.000 46.240 8.582 -0.9423 2.1843
-11.250 -0.938 46.241 8.670 -1.1449 1.5119
-11.250 -0.875 46.242 8.759 -0.3690 1.2966
-11.250 -0.812 46.243 8.848 0.6993 1.6892
-11.250 -0.750 46.244 8.936 0.8790 2.2815
-11.250 -0.688 46.245 9.025 0.5826 1.5349
-11.250 -0.625 46.246 9.114 1.0529 0.6696
-11.250 -0.562 46.247 9.202 1.5172 1.6379
-11.250 -0.500 46.247 9.291 -0.1093 2.5983
-11.250 -0.438 46.248 9.380 -0.2709 1.7546
-11.250 -0.375 46.249 9.468 1.2828 1.3313
-11.250 -0.312 46.249 9.557 1.7399 1.7351
-11.250 -0.250 46.249 9.645 1.1886 2.0940
-11.250 -0.188 46.250 9.734 1.9855 2.1984
-11.250 -0.125 46.250 9.823 1.3160 1.8884
-11.250 -0.062 46.250 9.911 1.4572 1.7424
-11.250 0.000 46.250 10.000 2.4581 1.9709
-11.250 0.062 46.250 10.089 0.8771 2.3781
-11.250 0.125 46.250 10.177 0.2819 1.7375
-11.250 0.188 46.250 10.266 0.7950 1.7390
-11.250 0.250 46.249 10.355 1.6368 1.9406
-11.250 0.312 46.249 10.443 2.6271 1.0134
-11.250 0.375 46.249 10.532 3.1871 0.0993
-11.250 0.438 46.248 10.620 3.1490 0.1887
-11.250 0.500 46.247 10.709 0.8409 1.2800
-11.250 0.562 46.247 10.798 0.2228 2.7160
-11.250 0.625 46.246 10.886 -0.1058 0.3186
-11.250 0.688 46.245 10.975 -2.3231 0.4690
-11.250 0.750 46.244 11.064 -1.4862 1.6145
-11.250 0.812 46.243 11.152 -0.0355 2.1574
-11.250 0.875 46.242 11.241 1.2941 2.4631
-11.250 0.938 46.241 11.330 2.1569 1.8552
-11.250 1.000 46.240 11.418 2.3956 0.5500
-11.250 1.062 46.238 11.507 2.2467 0.0930
-11.188 -1.188 46.298 8.314 0.2335 0.6872
-11.188 -1.125 46.299 8.403 0.9728 1.8166
-11.188 -1.062 46.301 8.491 -0.6761 2.0534
-11.188 -1.000 46.302 8.580 -1.5951 1.5632
-11.188 -0.938 46.303 8.669 -1.0419 1.9597
-11.188 -0.875 46.304 8.757 0.0348 2.1696
-11.188 -0.812 46.306 8.846 1.1110 2.5441
-11.188 -0.750 46.307 8.935 0.0773 2.6032
-11.188 -0.688 46.308 9.024 -0.5634 2.4152
-11.188 -0.625 46.308 9.112 0.8092 2.3327
-11.188 -0.562 46.309 9.201 1.5465 2.0192
-11.188 -0.500 46.310 9.290 -0.8475 2.0481
-11.188 -0.438 46.310 9.379 -0.7240 1.6999
-11.188 -0.375 46.311 9.467 1.2384 1.4001
-11.188 -0.312 46.311 9.556 2.3688 1.2297
-11.188 -0.250 46.312 9.645 1.8512 1.9299
-11.188 -0.188 46.312 9.734 0.7999 2.6150
-11.188 -0.125 46.312 9.822 -0.2001 1.9426
-11.188 -0.062 46.312 9.911 1.3229 1.8552
-11.188 0.000 46.312 10.000 2.3009 2.5798
-11.188 0.062 46.312 10.089 0.0499 2.5090
-11.188 0.125 46.312 10.178 0.0280 2.7912
-11.188 0.188 46.312 10.266 0.8727 2.6071
-11.188 0.250 46.312 10.355 1.5275 1.9856
-11.188 0.312 46.311 10.444 2.3541 1.7941
-11.188 0.375 46.311 10.533 2.8600 1.6106
-11.188 0.438 46.310 10.621 2.3361 1.7028
-11.188 0.500 46.310 10.710 -0.2308 0.0305
-11.188 0.562 46.309 10.799 -1.5668 0.4167
-11.188 0.625 46.308 10.888 -1.7953 0.0603
-11.188 0.688 46.308 10.976 -1.8270 0.3693
-11.188 0.750 46.307 11.065 -1.0409 1.8444
-11.188 0.812 46.306 11.154 0.1022 2.2956
-11.188 0.875 46.304 11.243 1.0968 2.2346
-11.188 0.938 46.303 11.331 1.9508 1.5544
-11.188 1.000 46.302 11.420 2.5538 0.5910
-11.188 1.062 46.301 11.509 2.3966 0.1228
-11.125 -1.188 46.360 8.312 -1.0433 2.6316
-11.125 -1.125 46.362 8.400 0.7028 2.1418
-11.125 -1.062 46.363 8.489 -0.5175 1.8293
-11.125 -1.000 46.365 8.578 -1.2523 1.3972
-11.125 -0.938 46.366 8.667 -0.2958 2.1696
-11.125 -0.875 46.367 8.756 0.6368 2.9045
-11.125 -0.812 46.368 8.845 -0.0121 2.3625
-11.125 -0.750 46.369 8.933 -0.9891 1.7307
-11.125 -0.688 46.370 9.022 -0.1273 2.5466
-11.125 -0.625 46.371 9.111 0.7677 3.1980
-11.125 -0.562 46.372 9.200 0.8468 2.5305
-11.125 -0.500 46.372 9.289 -0.3236 3.0852
-11.125 -0.438 46.373 9.378 -0.5062 2.8386
-11.125 -0.375 46.374 9.467 0.6012 2.7805
-11.125 -0.312 46.374 9.556 2.0597 2.8444
-11.125 -0.250 46.374 9.644 2.4699 2.6320
-11.125 -0.188 46.375 9.733 1.3707 2.9524
-11.125 -0.125 46.375 9.822 -0.2435 2.8029
-11.125 -0.062 46.375 9.911 0.7223 2.9201
-11.125 0.000 46.375 10.000 0.9049 3.0852
-11.125 0.062 46.375 10.089 0.4440 3.4045
-11.125 0.125 46.375 10.178 0.7799 3.6696
-11.125 0.188 46.375 10.267 0.4801 3.7858
-11.125 0.250 46.374 10.356 1.2140 2.7785
-11.125 0.312 46.374 10.444 2.1281 2.3952
-11.125 0.375 46.374 10.533 2.0675 1.4250
-11.125 0.438 46.373 10.622 1.5201 0.9807
-11.125 0.500 46.372 10.711 -0.7889 1.5808
-11.125 0.562 46.372 10.800 -1.9486 0.9392
-11.125 0.625 46.371 10.889 -1.9496 0.6731
-11.125 0.688 46.370 10.978 -1.2562 0.8064
-11.125 0.750 46.369 11.067 -0.0668 2.1115
-11.125 0.812 46.368 11.155 0.3683 2.2932
-11.125 0.875 46.367 11.244 0.2379 2.1823
-11.125 0.938 46.366 11.333 1.2721 1.8488
-11.125 1.000 46.365 11.422 2.0499 1.8098
-11.125 1.062 46.363 11.511 1.7399 1.4089
-11.062 -1.188 46.423 8.309 -0.9593 3.6037
-11.062 -1.125 46.424 8.398 -0.4462 3.6931
-11.062 -1.062 46.426 8.487 -0.4496 2.6272
-11.062 -1.000 46.427 8.576 -0.5375 2.6042
-11.062 -0.938 46.428 8.665 0.5177 2.8488
-11.062 -0.875 46.429 8.754 0.3795 2.3132
-11.062 -0.812 46.431 8.843 -1.4047 1.7424
-11.062 -0.750 46.432 8.932 -1.0385 1.8962
-11.062 -0.688 46.433 9.021 0.3639 2.9870
-11.062 -0.625 46.433 9.110 1.1959 3.8791
-11.062 -0.562 46.434 9.199 1.1285 3.8737
-11.062 -0.500 46.435 9.288 1.0104 5.0822
-11.062 -0.438 46.435 9.377 0.7028 5.1384
-11.062 -0.375 46.436 9.466 1.0797 5.0363
-11.062 -0.312 46.436 9.555 1.7882 4.5900
-11.062 -0.250 46.437 9.644 1.9269 3.9743
-11.062 -0.188 46.437 9.733 1.5861 4.0197
-11.062 -0.125 46.437 9.822 0.3629 3.3586
-11.062 -0.062 46.437 9.911 0.5109 3.0622
-11.062 0.000 46.438 10.000 0.4674 3.9782
-11.062 0.062 46.437 10.089 0.9254 4.3747
-11.062 0.125 46.437 10.178 1.1412 3.9245
-11.062 0.188 46.437 10.267 -0.4276 3.7077
-11.062 0.250 46.437 10.356 0.2653 2.8991
-11.062 0.312 46.436 10.445 1.9865 1.8581
-11.062 0.375 46.436 10.534 2.1764 1.5642
-11.062 0.438 46.435 10.623 1.7833 1.1379
-11.062 0.500 46.435 10.712 1.2828 2.6316
-11.062 0.562 46.434 10.801 -0.1498 2.5564
-11.062 0.625 46.433 10.890 -1.2367 2.0378
-11.062 0.688 46.433 10.979 -1.1254 1.6994
-11.062 0.750 46.432 11.068 0.4005 2.4104
-11.062 0.812 46.431 11.157 0.5616 2.4172
-11.062 0.875 46.429 11.246 -0.5497 1.9475
-11.062 0.938 46.428 11.335 0.7184 1.9528
-11.062 1.000 46.427 11.424 2.1818 1.1174
-11.062 1.062 46.426 11.513 2.4425 -0.1267
-11.000 -1.188 46.485 8.307 0.9606 1.2028
-11.000 -1.125 46.487 8.396 -0.3207 3.1936
-11.000 -1.062 46.488 8.485 -0.5111 3.5656
-11.000 -1.000 46.490 8.574 -0.2191 3.0627
-11.000 -0.938 46.491 8.663 0.5016 2.6911
-11.000 -0.875 46.492 8.752 -0.2933 2.1179
-11.000 -0.812 46.493 8.841 -1.5658 2.2541
-11.000 -0.750 46.494 8.931 -0.1322 2.4006
-11.000 -0.688 46.495 9.020 1.3761 3.9597
-11.000 -0.625 46.496 9.109 1.9596 5.4524
-11.000 -0.562 46.497 9.198 1.4147 5.2966
-11.000 -0.500 46.497 9.287 1.5914 5.6916
-11.000 -0.438 46.498 9.376 1.6725 5.3996
-11.000 -0.375 46.499 9.465 1.7521 4.6945
-11.000 -0.312 46.499 9.554 1.3043 4.3435
-11.000 -0.250 46.499 9.643 0.8756 4.0896
-11.000 -0.188 46.500 9.733 1.4801 5.4836
-11.000 -0.125 46.500 9.822 1.6339 3.6677
-11.000 -0.062 46.500 9.911 2.0573 2.1374
-11.000 0.000 46.500 10.000 1.5363 3.4860
-11.000 0.062 46.500 10.089 0.8707 4.1643
-11.000 0.125 46.500 10.178 0.1569 3.1662
-11.000 0.188 46.500 10.267 -1.8812 2.5803
-11.000 0.250 46.499 10.357 -0.4969 2.8713
-11.000 0.312 46.499 10.446 1.4713 3.0954
-11.000 0.375 46.499 10.535 1.8639 2.3542
-11.000 0.438 46.498 10.624 1.7325 1.7375
-11.000 0.500 46.497 10.713 1.2545 1.2243
-11.000 0.562 46.497 10.802 -0.3339 0.9524
-11.000 0.625 46.496 10.891 -1.1122 1.9104
-11.000 0.688 46.495 10.980 -0.8309 2.5798
-11.000 0.750 46.494 11.069 -0.1053 2.6848
-11.000 0.812 46.493 11.159 -1.1932 1.8298
-11.000 0.875 46.492 11.248 -1.7167 1.2390
-11.000 0.938 46.491 11.337 0.1354 1.3249
-11.000 1.000 46.490 11.426 1.6139 0.2761
-11.000 1.062 46.488 11.515 2.0841 -0.0935
-10.938 -1.188 46.548 8.305 1.4137 2.3562
-10.938 -1.125 46.549 8.394 0.5070 2.8117
-10.938 -1.062 46.551 8.483 0.1583 4.1901
-10.938 -1.000 46.552 8.572 -0.5204 4.0173
-10.938 -0.938 46.553 8.661 0.2282 3.8371
-10.938 -0.875 46.554 8.751 0.2916 5.1247
-10.938 -0.812 46.556 8.840 -0.8661 4.7273
-10.938 -0.750 46.557 8.929 0.5538 4.2072
-10.938 -0.688 46.558 9.018 3.0035 4.5134
-10.938 -0.625 46.558 9.108 2.4894 4.8117
-10.938 -0.562 46.559 9.197 0.8292 4.9953
-10.938 -0.500 46.560 9.286 0.9591 5.0129
-10.938 -0.438 46.560 9.375 1.6515 4.9802
-10.938 -0.375 46.561 9.465 2.2858 4.8586
-10.938 -0.312 46.561 9.554 1.4454 4.3933
-10.938 -0.250 46.562 9.643 0.8536 3.4851
-10.938 -0.188 46.562 9.732 0.7413 4.6316
-10.938 -0.125 46.562 9.822 0.7814 3.9968
-10.938 -0.062 46.562 9.911 2.1603 2.7263
-10.938 0.000 46.562 10.000 2.7052 2.4240
-10.938 0.062 46.562 10.089 0.5529 3.6057
-10.938 0.125 46.562 10.178 -1.0023 2.8435
-10.938 0.188 46.562 10.268 -2.2250 2.8698
-10.938 0.250 46.562 10.357 0.2242 3.5642
-10.938 0.312 46.561 10.446 2.2994 3.7248
-10.938 0.375 46.561 10.535 0.7570 -0.0965
-10.938 0.438 46.560 10.625 -0.2308 -0.9446
-10.938 0.500 46.560 10.714 -1.4012 -1.3450
-10.938 0.562 46.559 10.803 -1.0887 -1.6106
-10.938 0.625 46.558 10.892 -0.8060 -0.5193
-10.938 0.688 46.558 10.982 -1.4896 0.4514
-10.938 0.750 46.557 11.071 -2.0629 0.2595
-10.938 0.812 46.556 11.160 -2.2357 0.6677
-10.938 0.875 46.554 11.249 -1.7557 1.3215
-10.938 0.938 46.553 11.339 -0.0604 1.5402
-10.938 1.000 46.552 11.428 1.6495 1.3601
-10.938 1.062 46.551 11.517 2.3990 1.1716
-10.875 -1.188 46.610 8.302 -1.5599 5.5192
-10.875 -1.125 46.612 8.392 -1.3002 4.7961
-10.875 -1.062 46.613 8.481 0.3951 4.0295
-10.875 -1.000 46.614 8.570 0.1227 4.3874
-10.875 -0.938 46.616 8.660 0.7721 5.4812
-10.875 -0.875 46.617 8.749 1.0656 6.0334
-10.875 -0.812 46.618 8.838 0.0514 5.2468
-10.875 -0.750 46.619 8.928 0.5983 5.6242
-10.875 -0.688 46.620 9.017 2.5084 4.9670
-10.875 -0.625 46.621 9.106 2.2511 3.8742
-10.875 -0.562 46.622 9.196 1.0407 3.8391
-10.875 -0.500 46.622 9.285 1.0260 5.1677
-10.875 -0.438 46.623 9.374 1.5084 5.1428
-10.875 -0.375 46.624 9.464 1.5211 3.6442
-10.875 -0.312 46.624 9.553 1.0060 2.6438
-10.875 -0.250 46.624 9.643 1.1691 2.0344
-10.875 -0.188 46.625 9.732 1.3820 2.2067
-10.875 -0.125 46.625 9.821 0.7428 3.6189
-10.875 -0.062 46.625 9.911 1.2579 3.6433
-10.875 0.000 46.625 10.000 2.2970 2.3444
-10.875 0.062 46.625 10.089 0.9806 2.9792
-10.875 0.125 46.625 10.179 -0.4149 3.6608
-10.875 0.188 46.625 10.268 -0.6097 3.8913
-10.875 0.250 46.624 10.357 0.4801 3.2976
-10.875 0.312 46.624 10.447 0.1237 1.7107
-10.875 0.375 46.624 10.536 -0.3422 -0.6101
-10.875 0.438 46.623 10.626 -0.5736 -0.3186
-10.875 0.500 46.622 10.715 -1.4789 0.7175
-10.875 0.562 46.622 10.804 -1.9110 0.1682
-10.875 0.625 46.621 10.894 -2.4662 -0.2845
-10.875 0.688 46.620 10.983 -3.1327 -0.5911
-10.875 0.750 46.619 11.072 -1.9008 -0.3680
-10.875 0.812 46.618 11.162 -1.0448 1.0705
-10.875 0.875 46.617 11.251 -0.6927 2.2834
-10.875 0.938 46.616 11.340 0.2594 2.2844
-10.875 1.000 46.614 11.430 1.2228 2.2658
-10.875 1.062 46.613 11.519 1.7023 1.9436
-10.812 -1.188 46.673 8.300 -2.6327 3.9924
-10.812 -1.125 46.674 8.389 -2.4261 5.0876
-10.812 -1.062 46.676 8.479 -0.8246 4.2351
-10.812 -1.000 46.677 8.568 0.0846 3.4245
-10.812 -0.938 46.678 8.658 0.7389 4.0866
-10.812 -0.875 46.679 8.747 0.4420 4.3327
-10.812 -0.812 46.681 8.837 0.7936 3.8479
-10.812 -0.750 46.682 8.926 1.4576 2.5539
-10.812 -0.688 46.683 9.016 1.6080 2.7185
-10.812 -0.625 46.683 9.105 1.7682 3.1345
-10.812 -0.562 46.684 9.195 1.5685 2.1721
-10.812 -0.500 46.685 9.284 1.4899 4.1286
-10.812 -0.438 46.685 9.374 0.6744 4.3562
-10.812 -0.375 46.686 9.463 0.4064 2.5876
-10.812 -0.312 46.686 9.553 1.4030 2.8449
-10.812 -0.250 46.687 9.642 1.5841 2.8059
-10.812 -0.188 46.687 9.732 2.1959 2.2727
-10.812 -0.125 46.687 9.821 1.7579 3.3820
-10.812 -0.062 46.687 9.911 1.0157 4.2907
-10.812 0.000 46.688 10.000 1.5870 3.5466
-10.812 0.062 46.687 10.089 1.3029 2.5022
-10.812 0.125 46.687 10.179 0.3986 3.6267
-10.812 0.188 46.687 10.268 0.4479 4.1355
-10.812 0.250 46.687 10.358 0.5226 3.5183
-10.812 0.312 46.686 10.447 -0.7391 1.4753
