-12.875 -1.188 44.611 8.374 1.9492
-12.875 -1.125 44.612 8.459 1.0234
-12.875 -1.062 44.614 8.545 2.2930
-12.875 -1.000 44.615 8.630 0.7266
-12.875 -0.938 44.616 8.716 0.4922
-12.875 -0.875 44.617 8.802 0.6367
-12.875 -0.812 44.618 8.887 0.2344
-12.875 -0.750 44.619 8.973 0.2461
-12.875 -0.688 44.620 9.058 0.5703
-12.875 -0.625 44.621 9.144 1.4766
-12.875 -0.562 44.622 9.230 2.1211
-12.875 -0.500 44.622 9.315 1.7734
-12.875 -0.438 44.623 9.401 6.7109
-12.875 -0.375 44.624 9.486 14.6797
-12.875 -0.312 44.624 9.572 11.5352
-12.875 -0.250 44.624 9.658 7.3750
-12.875 -0.188 44.625 9.743 4.2891
-12.875 -0.125 44.625 9.829 1.5156
-12.875 -0.062 44.625 9.914 4.9688
-12.875 0.000 44.625 10.000 3.6055
-12.875 0.062 44.625 10.086 4.6211
-12.875 0.125 44.625 10.171 6.1133
-12.875 0.188 44.625 10.257 4.0273
-12.875 0.250 44.624 10.342 2.3242
-12.875 0.312 44.624 10.428 3.1328
-12.875 0.375 44.624 10.514 4.7500
-12.875 0.438 44.623 10.599 6.2383
-12.875 0.500 44.622 10.685 6.6328
-12.875 0.562 44.622 10.770 11.5000
-12.875 0.625 44.621 10.856 14.5234
-12.875 0.688 44.620 10.942 12.4805
-12.875 0.750 44.619 11.027 10.8398
-12.875 0.812 44.618 11.113 8.4102
-12.875 0.875 44.617 11.198 6.3828
-12.875 0.938 44.616 11.284 7.8008
-12.875 1.000 44.615 11.370 7.6211
-12.875 1.062 44.614 11.455 6.0820
-12.812 -1.188 44.673 8.372 3.8984
-12.812 -1.125 44.675 8.457 5.0352
-12.812 -1.062 44.676 8.543 0.8945
-12.812 -1.000 44.677 8.629 0.3398
-12.812 -0.938 44.679 8.714 0.5430
-12.812 -0.875 44.680 8.800 1.2422
-12.812 -0.812 44.681 8.886 2.2422
-12.812 -0.750 44.682 8.971 2.5234
-12.812 -0.688 44.683 9.057 3.8984
-12.812 -0.625 44.684 9.143 4.2891
-12.812 -0.562 44.684 9.229 4.4883
-12.812 -0.500 44.685 9.314 3.4336
-12.812 -0.438 44.686 9.400 2.8398
-12.812 -0.375 44.686 9.486 6.8047
-12.812 -0.312 44.687 9.571 5.8945
-12.812 -0.250 44.687 9.657 7.3711
-12.812 -0.188 44.687 9.743 9.4609
-12.812 -0.125 44.687 9.829 9.5508
-12.812 -0.062 44.687 9.914 6.5352
-12.812 0.000 44.688 10.000 7.8164
-12.812 0.062 44.687 10.086 5.8789
-12.812 0.125 44.687 10.171 6.9023
-12.812 0.188 44.687 10.257 4.4766
-12.812 0.250 44.687 10.343 2.7812
-12.812 0.312 44.687 10.429 2.7734
-12.812 0.375 44.686 10.514 5.4727
-12.812 0.438 44.686 10.600 6.4141
-12.812 0.500 44.685 10.686 10.2109
-12.812 0.562 44.684 10.771 10.6797
-12.812 0.625 44.684 10.857 13.2812
-12.812 0.688 44.683 10.943 16.6289
-12.812 0.750 44.682 11.029 16.7109
-12.812 0.812 44.681 11.114 8.4141
-12.812 0.875 44.680 11.200 5.1172
-12.812 0.938 44.679 11.286 8.1211
-12.812 1.000 44.677 11.371 8.6367
-12.812 1.062 44.676 11.457 9.1719
-12.750 -1.188 44.736 8.369 2.1953
-12.750 -1.125 44.737 8.455 4.3945
-12.750 -1.062 44.739 8.541 0.6523
-12.750 -1.000 44.740 8.627 0.7930
-12.750 -0.938 44.741 8.713 0.4375
-12.750 -0.875 44.742 8.798 2.5195
-12.750 -0.812 44.743 8.884 0.6914
-12.750 -0.750 44.744 8.970 2.4219
-12.750 -0.688 44.745 9.056 3.1797
-12.750 -0.625 44.746 9.142 2.8789
-12.750 -0.562 44.747 9.228 5.3984
-12.750 -0.500 44.747 9.313 4.8867
-12.750 -0.438 44.748 9.399 3.8516
-12.750 -0.375 44.749 9.485 8.1562
-12.750 -0.312 44.749 9.571 9.3438
-12.750 -0.250 44.749 9.657 7.7344
-12.750 -0.188 44.750 9.742 6.0273
-12.750 -0.125 44.750 9.828 6.4180
-12.750 -0.062 44.750 9.914 9.0703
-12.750 0.000 44.750 10.000 6.6484
-12.750 0.062 44.750 10.086 2.9492
-12.750 0.125 44.750 10.172 2.8516
-12.750 0.188 44.750 10.258 1.9258
-12.750 0.250 44.749 10.343 1.9297
-12.750 0.312 44.749 10.429 2.3828
-12.750 0.375 44.749 10.515 6.6172
-12.750 0.438 44.748 10.601 11.3320
-12.750 0.500 44.747 10.687 12.9688
-12.750 0.562 44.747 10.772 11.6094
-12.750 0.625 44.746 10.858 9.5586
-12.750 0.688 44.745 10.944 18.7422
-12.750 0.750 44.744 11.030 22.0781
-12.750 0.812 44.743 11.116 10.2969
-12.750 0.875 44.742 11.202 4.9688
-12.750 0.938 44.741 11.287 9.7500
-12.750 1.000 44.740 11.373 13.5430
-12.750 1.062 44.739 11.459 10.7461
-12.688 -1.188 44.798 8.367 1.1055
-12.688 -1.125 44.800 8.453 0.6289
-12.688 -1.062 44.801 8.539 1.5586
-12.688 -1.000 44.802 8.625 0.2656
-12.688 -0.938 44.804 8.711 1.0273
-12.688 -0.875 44.805 8.797 0.9375
-12.688 -0.812 44.806 8.883 1.6328
-12.688 -0.750 44.807 8.969 1.4414
-12.688 -0.688 44.808 9.055 1.4023
-12.688 -0.625 44.809 9.141 2.4766
-12.688 -0.562 44.809 9.226 5.6406
-12.688 -0.500 44.810 9.312 2.3867
-12.688 -0.438 44.811 9.398 2.7656
-12.688 -0.375 44.811 9.484 4.1094
-12.688 -0.312 44.812 9.570 5.0117
-12.688 -0.250 44.812 9.656 6.9062
-12.688 -0.188 44.812 9.742 2.2617
-12.688 -0.125 44.812 9.828 1.3867
-12.688 -0.062 44.812 9.914 1.8945
-12.688 0.000 44.812 10.000 2.3125
-12.688 0.062 44.812 10.086 1.5430
-12.688 0.125 44.812 10.172 2.4883
-12.688 0.188 44.812 10.258 3.3438
-12.688 0.250 44.812 10.344 3.1523
-12.688 0.312 44.812 10.430 3.3320
-12.688 0.375 44.811 10.516 9.8281
-12.688 0.438 44.811 10.602 13.3477
-12.688 0.500 44.810 10.688 16.9258
-12.688 0.562 44.809 10.774 14.1602
-12.688 0.625 44.809 10.859 10.5117
-12.688 0.688 44.808 10.945 12.2891
-12.688 0.750 44.807 11.031 10.9258
-12.688 0.812 44.806 11.117 8.7812
-12.688 0.875 44.805 11.203 11.9180
-12.688 0.938 44.804 11.289 12.4453
-12.688 1.000 44.802 11.375 11.1328
-12.688 1.062 44.801 11.461 8.9102
-12.625 -1.188 44.861 8.365 1.0508
-12.625 -1.125 44.862 8.451 0.8477
-12.625 -1.062 44.864 8.537 2.1094
-12.625 -1.000 44.865 8.623 0.9531
-12.625 -0.938 44.866 8.709 0.9688
-12.625 -0.875 44.867 8.795 0.5742
-12.625 -0.812 44.868 8.881 1.9453
-12.625 -0.750 44.869 8.967 2.3984
-12.625 -0.688 44.870 9.053 1.2227
-12.625 -0.625 44.871 9.139 3.0234
-12.625 -0.562 44.872 9.225 1.8828
-12.625 -0.500 44.872 9.312 2.1758
-12.625 -0.438 44.873 9.398 1.9453
-12.625 -0.375 44.874 9.484 2.4219
-12.625 -0.312 44.874 9.570 4.2617
-12.625 -0.250 44.874 9.656 3.2578
-12.625 -0.188 44.875 9.742 2.6992
-12.625 -0.125 44.875 9.828 0.9375
-12.625 -0.062 44.875 9.914 0.5469
-12.625 0.000 44.875 10.000 0.7461
-12.625 0.062 44.875 10.086 1.0898
-12.625 0.125 44.875 10.172 2.0469
-12.625 0.188 44.875 10.258 2.6406
-12.625 0.250 44.874 10.344 3.4648
-12.625 0.312 44.874 10.430 6.3359
-12.625 0.375 44.874 10.516 12.4688
-12.625 0.438 44.873 10.602 14.3594
-12.625 0.500 44.872 10.688 17.1055
-12.625 0.562 44.872 10.775 17.4219
-12.625 0.625 44.871 10.861 11.8125
-12.625 0.688 44.870 10.947 14.0508
-12.625 0.750 44.869 11.033 11.5078
-12.625 0.812 44.868 11.119 11.5859
-12.625 0.875 44.867 11.205 14.6406
-12.625 0.938 44.866 11.291 12.9336
-12.625 1.000 44.865 11.377 10.4453
-12.625 1.062 44.864 11.463 10.1992
-12.562 -1.188 44.923 8.363 1.0234
-12.562 -1.125 44.925 8.449 0.3164
-12.562 -1.062 44.926 8.535 1.9062
-12.562 -1.000 44.927 8.621 3.9805
-12.562 -0.938 44.929 8.707 2.4922
-12.562 -0.875 44.930 8.794 1.7305
-12.562 -0.812 44.931 8.880 2.0664
-12.562 -0.750 44.932 8.966 1.4414
-12.562 -0.688 44.933 9.052 1.2031
-12.562 -0.625 44.934 9.138 2.5273
-12.562 -0.562 44.934 9.224 3.9492
-12.562 -0.500 44.935 9.311 2.1836
-12.562 -0.438 44.936 9.397 2.4570
-12.562 -0.375 44.936 9.483 1.9453
-12.562 -0.312 44.937 9.569 1.2188
-12.562 -0.250 44.937 9.655 1.4414
-12.562 -0.188 44.937 9.741 2.2188
-12.562 -0.125 44.937 9.828 4.0430
-12.562 -0.062 44.937 9.914 3.2109
-12.562 0.000 44.937 10.000 0.9219
-12.562 0.062 44.937 10.086 1.4922
-12.562 0.125 44.937 10.172 1.9648
-12.562 0.188 44.937 10.259 2.8164
-12.562 0.250 44.937 10.345 4.8398
-12.562 0.312 44.937 10.431 8.1641
-12.562 0.375 44.936 10.517 10.3438
-12.562 0.438 44.936 10.603 14.6289
-12.562 0.500 44.935 10.689 26.2031
-12.562 0.562 44.934 10.776 20.0117
-12.562 0.625 44.934 10.862 13.6602
-12.562 0.688 44.933 10.948 15.2969
-12.562 0.750 44.932 11.034 11.5039
-12.562 0.812 44.931 11.120 12.8711
-12.562 0.875 44.930 11.206 12.9258
-12.562 0.938 44.929 11.293 11.6836
-12.562 1.000 44.927 11.379 8.7070
-12.562 1.062 44.926 11.465 7.2773
-12.500 -1.188 44.986 8.361 1.4492
-12.500 -1.125 44.987 8.447 1.9766
-12.500 -1.062 44.989 8.533 1.0547
-12.500 -1.000 44.990 8.619 2.2461
-12.500 -0.938 44.991 8.706 1.9141
-12.500 -0.875 44.992 8.792 2.3672
-12.500 -0.812 44.993 8.878 3.9609
-12.500 -0.750 44.994 8.965 1.7578
-12.500 -0.688 44.995 9.051 1.5742
-12.500 -0.625 44.996 9.137 3.7188
-12.500 -0.562 44.997 9.223 8.4648
-12.500 -0.500 44.997 9.310 7.1250
-12.500 -0.438 44.998 9.396 2.9258
-12.500 -0.375 44.999 9.482 0.9258
-12.500 -0.312 44.999 9.569 1.5273
-12.500 -0.250 44.999 9.655 2.1758
-12.500 -0.188 45.000 9.741 3.2969
-12.500 -0.125 45.000 9.827 3.8672
-12.500 -0.062 45.000 9.914 3.6289
-12.500 0.000 45.000 10.000 4.4297
-12.500 0.062 45.000 10.086 4.3125
-12.500 0.125 45.000 10.173 5.4492
-12.500 0.188 45.000 10.259 5.4258
-12.500 0.250 44.999 10.345 10.1602
-12.500 0.312 44.999 10.431 14.5820
-12.500 0.375 44.999 10.518 15.0664
-12.500 0.438 44.998 10.604 24.5859
-12.500 0.500 44.997 10.690 25.4883
-12.500 0.562 44.997 10.777 17.3359
-12.500 0.625 44.996 10.863 17.3398
-12.500 0.688 44.995 10.949 12.2500
-12.500 0.750 44.994 11.035 10.1914
-12.500 0.812 44.993 11.122 8.2656
-12.500 0.875 44.992 11.208 9.3867
-12.500 0.938 44.991 11.294 9.1211
-12.500 1.000 44.990 11.381 9.8438
-12.500 1.062 44.989 11.467 4.9102
-12.438 -1.188 45.048 8.359 1.1875
-12.438 -1.125 45.050 8.445 1.6055
-12.438 -1.062 45.051 8.531 1.4219
-12.438 -1.000 45.052 8.618 0.5703
-12.438 -0.938 45.054 8.704 2.4414
-12.438 -0.875 45.055 8.790 4.2422
-12.438 -0.812 45.056 8.877 4.1484
-12.438 -0.750 45.057 8.963 6.3281
-12.438 -0.688 45.058 9.050 1.6641
-12.438 -0.625 45.059 9.136 3.1719
-12.438 -0.562 45.059 9.222 3.8633
-12.438 -0.500 45.060 9.309 6.2539
-12.438 -0.438 45.061 9.395 3.7422
-12.438 -0.375 45.061 9.482 2.6133
-12.438 -0.312 45.062 9.568 2.5977
-12.438 -0.250 45.062 9.654 3.8516
-12.438 -0.188 45.062 9.741 4.8281
-12.438 -0.125 45.062 9.827 4.8125
-12.438 -0.062 45.062 9.914 4.4805
-12.438 0.000 45.062 10.000 5.5508
-12.438 0.062 45.062 10.086 7.0938
-12.438 0.125 45.062 10.173 8.5312
-12.438 0.188 45.062 10.259 10.9180
-12.438 0.250 45.062 10.346 13.9922
-12.438 0.312 45.062 10.432 15.3398
-12.438 0.375 45.061 10.518 19.3633
-12.438 0.438 45.061 10.605 30.8086
-12.438 0.500 45.060 10.691 19.3164
-12.438 0.562 45.059 10.778 13.6680
-12.438 0.625 45.059 10.864 10.7461
-12.438 0.688 45.058 10.950 8.8477
-12.438 0.750 45.057 11.037 6.7656
-12.438 0.812 45.056 11.123 6.0000
-12.438 0.875 45.055 11.210 4.7109
-12.438 0.938 45.054 11.296 6.2812
-12.438 1.000 45.052 11.382 8.2617
-12.438 1.062 45.051 11.469 7.7773
-12.375 -1.188 45.111 8.356 1.2344
-12.375 -1.125 45.112 8.443 1.1484
-12.375 -1.062 45.113 8.529 1.4062
-12.375 -1.000 45.115 8.616 0.6172
-12.375 -0.938 45.116 8.702 0.6211
-12.375 -0.875 45.117 8.789 2.3711
-12.375 -0.812 45.118 8.875 7.0195
-12.375 -0.750 45.119 8.962 9.7344
-12.375 -0.688 45.120 9.048 5.9258
-12.375 -0.625 45.121 9.135 7.6992
-12.375 -0.562 45.122 9.221 9.3711
-12.375 -0.500 45.122 9.308 5.0117
-12.375 -0.438 45.123 9.394 4.6328
-12.375 -0.375 45.124 9.481 2.9531
-12.375 -0.312 45.124 9.567 5.6523
-12.375 -0.250 45.124 9.654 5.9648
-12.375 -0.188 45.125 9.740 5.5039
-12.375 -0.125 45.125 9.827 4.3164
-12.375 -0.062 45.125 9.913 4.6836
-12.375 0.000 45.125 10.000 5.1445
-12.375 0.062 45.125 10.087 5.9648
-12.375 0.125 45.125 10.173 11.2930
-12.375 0.188 45.125 10.260 11.8320
-12.375 0.250 45.124 10.346 12.5625
-12.375 0.312 45.124 10.433 15.2344
-12.375 0.375 45.124 10.519 22.7539
-12.375 0.438 45.123 10.606 28.1094
-12.375 0.500 45.122 10.692 17.4531
-12.375 0.562 45.122 10.779 12.0742
-12.375 0.625 45.121 10.865 8.3047
-12.375 0.688 45.120 10.952 7.0625
-12.375 0.750 45.119 11.038 6.0312
-12.375 0.812 45.118 11.125 3.6562
-12.375 0.875 45.117 11.211 3.0352
-12.375 0.938 45.116 11.298 2.9688
-12.375 1.000 45.115 11.384 4.6641
-12.375 1.062 45.113 11.471 4.0273
-12.312 -1.188 45.173 8.354 1.4453
-12.312 -1.125 45.175 8.441 2.0430
-12.312 -1.062 45.176 8.527 1.0312
-12.312 -1.000 45.177 8.614 0.8945
-12.312 -0.938 45.179 8.701 0.9805
-12.312 -0.875 45.180 8.787 2.6250
-12.312 -0.812 45.181 8.874 4.2188
-12.312 -0.750 45.182 8.960 4.4531
-12.312 -0.688 45.183 9.047 6.0078
-12.312 -0.625 45.184 9.134 15.4766
-12.312 -0.562 45.184 9.220 14.0234
-12.312 -0.500 45.185 9.307 10.4141
-12.312 -0.438 45.186 9.394 6.7500
-12.312 -0.375 45.186 9.480 7.0586
-12.312 -0.312 45.187 9.567 7.8633
-12.312 -0.250 45.187 9.653 7.4336
-12.312 -0.188 45.187 9.740 7.1211
-12.312 -0.125 45.187 9.827 7.3008
-12.312 -0.062 45.187 9.913 6.6016
-12.312 0.000 45.188 10.000 7.6367
-12.312 0.062 45.187 10.087 11.2383
-12.312 0.125 45.187 10.173 11.4922
-12.312 0.188 45.187 10.260 13.8633
-12.312 0.250 45.187 10.347 15.6719
-12.312 0.312 45.187 10.433 19.6406
-12.312 0.375 45.186 10.520 19.1289
-12.312 0.438 45.186 10.606 18.5078
-12.312 0.500 45.185 10.693 14.8125
-12.312 0.562 45.184 10.780 10.3516
-12.312 0.625 45.184 10.866 8.8203
-12.312 0.688 45.183 10.953 6.6445
-12.312 0.750 45.182 11.040 3.7773
-12.312 0.812 45.181 11.126 4.7969
-12.312 0.875 45.180 11.213 3.8594
-12.312 0.938 45.179 11.299 2.2773
-12.312 1.000 45.177 11.386 2.7930
-12.312 1.062 45.176 11.473 4.5508
-12.250 -1.188 45.236 8.352 0.6992
-12.250 -1.125 45.237 8.439 1.3750
-12.250 -1.062 45.238 8.525 2.1094
-12.250 -1.000 45.240 8.612 3.8320
-12.250 -0.938 45.241 8.699 1.7969
-12.250 -0.875 45.242 8.786 2.2227
-12.250 -0.812 45.243 8.872 1.6133
-12.250 -0.750 45.244 8.959 1.4180
-12.250 -0.688 45.245 9.046 9.6289
-12.250 -0.625 45.246 9.132 15.0352
-12.250 -0.562 45.247 9.219 12.5156
-12.250 -0.500 45.247 9.306 8.5273
-12.250 -0.438 45.248 9.393 9.6328
-12.250 -0.375 45.249 9.479 11.6289
-12.250 -0.312 45.249 9.566 10.9531
-12.250 -0.250 45.249 9.653 10.0000
-12.250 -0.188 45.250 9.740 9.6289
-12.250 -0.125 45.250 9.826 8.6055
-12.250 -0.062 45.250 9.913 9.0742
-12.250 0.000 45.250 10.000 13.0703
-12.250 0.062 45.250 10.087 13.1680
-12.250 0.125 45.250 10.174 12.6523
-12.250 0.188 45.250 10.260 16.1289
-12.250 0.250 45.249 10.347 22.9766
-12.250 0.312 45.249 10.434 33.4609
-12.250 0.375 45.249 10.521 21.8242
-12.250 0.438 45.248 10.607 14.9297
-12.250 0.500 45.247 10.694 11.2266
-12.250 0.562 45.247 10.781 10.9648
-12.250 0.625 45.246 10.868 8.9102
-12.250 0.688 45.245 10.954 6.3008
-12.250 0.750 45.244 11.041 5.2852
-12.250 0.812 45.243 11.128 7.3164
-12.250 0.875 45.242 11.214 4.4844
-12.250 0.938 45.241 11.301 3.2109
-12.250 1.000 45.240 11.388 1.7148
-12.250 1.062 45.238 11.475 4.4180
-12.188 -1.188 45.298 8.350 3.4531
-12.188 -1.125 45.300 8.437 3.4102
-12.188 -1.062 45.301 8.523 3.5664
-12.188 -1.000 45.302 8.610 4.2617
-12.188 -0.938 45.304 8.697 4.6094
-12.188 -0.875 45.305 8.784 0.8672
-12.188 -0.812 45.306 8.871 1.4766
-12.188 -0.750 45.307 8.958 1.3828
-12.188 -0.688 45.308 9.044 5.7617
-12.188 -0.625 45.309 9.131 13.2852
-12.188 -0.562 45.309 9.218 11.8438
-12.188 -0.500 45.310 9.305 8.3750
-12.188 -0.438 45.311 9.392 7.3516
-12.188 -0.375 45.311 9.479 8.5352
-12.188 -0.312 45.312 9.566 7.4023
-12.188 -0.250 45.312 9.653 10.7695
-12.188 -0.188 45.312 9.739 10.2695
-12.188 -0.125 45.312 9.826 6.2773
-12.188 -0.062 45.312 9.913 11.5547
-12.188 0.000 45.313 10.000 17.6914
-12.188 0.062 45.312 10.087 18.6484
-12.188 0.125 45.312 10.174 19.2539
-12.188 0.188 45.312 10.261 18.2930
-12.188 0.250 45.312 10.347 39.4492
-12.188 0.312 45.312 10.434 59.2344
-12.188 0.375 45.311 10.521 30.1055
-12.188 0.438 45.311 10.608 19.9688
-12.188 0.500 45.310 10.695 13.3516
-12.188 0.562 45.309 10.782 10.3164
-12.188 0.625 45.309 10.869 8.9453
-12.188 0.688 45.308 10.956 6.8242
-12.188 0.750 45.307 11.042 5.3086
-12.188 0.812 45.306 11.129 6.1055
-12.188 0.875 45.305 11.216 6.8438
-12.188 0.938 45.304 11.303 2.2188
-12.188 1.000 45.302 11.390 2.2500
-12.188 1.062 45.301 11.477 3.5898
-12.125 -1.188 45.361 8.348 0.7812
-12.125 -1.125 45.362 8.434 2.3164
-12.125 -1.062 45.363 8.521 8.4688
-12.125 -1.000 45.365 8.608 5.4531
-12.125 -0.938 45.366 8.695 11.0898
-12.125 -0.875 45.367 8.782 11.7656
-12.125 -0.812 45.368 8.869 3.5430
-12.125 -0.750 45.369 8.956 2.5195
-12.125 -0.688 45.370 9.043 10.2578
-12.125 -0.625 45.371 9.130 9.0781
-12.125 -0.562 45.372 9.217 10.6680
-12.125 -0.500 45.372 9.304 9.9141
-12.125 -0.438 45.373 9.391 6.4414
-12.125 -0.375 45.374 9.478 7.0625
-12.125 -0.312 45.374 9.565 8.5742
-12.125 -0.250 45.374 9.652 10.0781
-12.125 -0.188 45.375 9.739 10.1406
-12.125 -0.125 45.375 9.826 9.9453
-12.125 -0.062 45.375 9.913 15.5781
-12.125 0.000 45.375 10.000 14.6797
-12.125 0.062 45.375 10.087 12.3711
-12.125 0.125 45.375 10.174 15.4570
-12.125 0.188 45.375 10.261 16.5859
-12.125 0.250 45.374 10.348 37.2305
-12.125 0.312 45.374 10.435 52.4805
-12.125 0.375 45.374 10.522 30.5898
-12.125 0.438 45.373 10.609 17.8672
-12.125 0.500 45.372 10.696 10.2031
-12.125 0.562 45.372 10.783 8.0742
-12.125 0.625 45.371 10.870 5.9570
-12.125 0.688 45.370 10.957 5.6406
-12.125 0.750 45.369 11.044 5.0078
-12.125 0.812 45.368 11.131 6.0156
-12.125 0.875 45.367 11.218 6.9766
-12.125 0.938 45.366 11.305 4.3867
-12.125 1.000 45.365 11.392 3.6680
-12.125 1.062 45.363 11.479 2.9648
-12.062 -1.188 45.423 8.345 1.4180
-12.062 -1.125 45.425 8.432 1.6133
-12.062 -1.062 45.426 8.519 7.0938
-12.062 -1.000 45.427 8.607 8.9805
-12.062 -0.938 45.428 8.694 11.7852
-12.062 -0.875 45.430 8.781 13.0664
-12.062 -0.812 45.431 8.868 12.6133
-12.062 -0.750 45.432 8.955 15.6250
-12.062 -0.688 45.433 9.042 14.5352
-12.062 -0.625 45.433 9.129 9.6641
-12.062 -0.562 45.434 9.216 7.6602
-12.062 -0.500 45.435 9.303 5.8164
-12.062 -0.438 45.436 9.390 5.7812
-12.062 -0.375 45.436 9.477 4.4375
-12.062 -0.312 45.436 9.564 8.2031
-12.062 -0.250 45.437 9.652 9.5273
-12.062 -0.188 45.437 9.739 10.5586
-12.062 -0.125 45.437 9.826 8.9805
-12.062 -0.062 45.437 9.913 10.1484
-12.062 0.000 45.438 10.000 10.8828
-12.062 0.062 45.437 10.087 15.2383
-12.062 0.125 45.437 10.174 16.2383
-12.062 0.188 45.437 10.261 15.7891
-12.062 0.250 45.437 10.348 18.7266
-12.062 0.312 45.436 10.436 26.3281
-12.062 0.375 45.436 10.523 24.2852
-12.062 0.438 45.436 10.610 18.1680
-12.062 0.500 45.435 10.697 6.8516
-12.062 0.562 45.434 10.784 4.1914
-12.062 0.625 45.433 10.871 3.1328
-12.062 0.688 45.433 10.958 2.0273
-12.062 0.750 45.432 11.045 2.9414
-12.062 0.812 45.431 11.132 5.0469
-12.062 0.875 45.430 11.219 6.1016
-12.062 0.938 45.428 11.306 8.4141
-12.062 1.000 45.427 11.393 5.8477
-12.062 1.062 45.426 11.481 3.6680
-12.000 -1.188 45.486 8.343 3.7148
-12.000 -1.125 45.487 8.430 3.6094
-12.000 -1.062 45.488 8.517 5.0430
-12.000 -1.000 45.490 8.605 6.9766
-12.000 -0.938 45.491 8.692 10.6836
-12.000 -0.875 45.492 8.779 12.6172
-12.000 -0.812 45.493 8.866 19.3086
-12.000 -0.750 45.494 8.953 21.2617
-12.000 -0.688 45.495 9.041 15.1406
-12.000 -0.625 45.496 9.128 11.1367
-12.000 -0.562 45.497 9.215 7.6523
-12.000 -0.500 45.497 9.302 4.0547
-12.000 -0.438 45.498 9.389 3.5273
-12.000 -0.375 45.499 9.477 4.0156
-12.000 -0.312 45.499 9.564 7.0039
-12.000 -0.250 45.499 9.651 10.9453
-12.000 -0.188 45.500 9.738 12.6680
-12.000 -0.125 45.500 9.826 11.5859
-12.000 -0.062 45.500 9.913 10.6250
-12.000 0.000 45.500 10.000 17.7188
-12.000 0.062 45.500 10.087 20.8438
-12.000 0.125 45.500 10.174 21.5664
-12.000 0.188 45.500 10.262 32.4883
-12.000 0.250 45.499 10.349 39.9688
-12.000 0.312 45.499 10.436 33.1602
-12.000 0.375 45.499 10.523 21.2578
-12.000 0.438 45.498 10.611 24.6094
-12.000 0.500 45.497 10.698 12.9062
-12.000 0.562 45.497 10.785 5.1445
-12.000 0.625 45.496 10.872 3.3359
-12.000 0.688 45.495 10.959 1.6797
-12.000 0.750 45.494 11.047 3.0859
-12.000 0.812 45.493 11.134 4.6602
-12.000 0.875 45.492 11.221 7.1523
-12.000 0.938 45.491 11.308 10.1484
-12.000 1.000 45.490 11.395 11.8477
-12.000 1.062 45.488 11.483 7.4102
-11.938 -1.188 45.548 8.341 8.3906
-11.938 -1.125 45.549 8.428 4.4766
-11.938 -1.062 45.551 8.515 3.5781
-11.938 -1.000 45.552 8.603 4.1094
-11.938 -0.938 45.553 8.690 7.1719
-11.938 -0.875 45.555 8.777 8.1484
-11.938 -0.812 45.556 8.865 8.6562
-11.938 -0.750 45.557 8.952 6.8906
-11.938 -0.688 45.558 9.039 6.1211
-11.938 -0.625 45.558 9.127 8.1797
-11.938 -0.562 45.559 9.214 5.1484
-11.938 -0.500 45.560 9.301 3.1914
-11.938 -0.438 45.561 9.389 3.5312
-11.938 -0.375 45.561 9.476 5.5586
-11.938 -0.312 45.561 9.563 8.3477
-11.938 -0.250 45.562 9.651 14.6680
-11.938 -0.188 45.562 9.738 13.8242
-11.938 -0.125 45.562 9.825 14.4922
-11.938 -0.062 45.562 9.913 14.4688
-11.938 0.000 45.562 10.000 23.7734
-11.938 0.062 45.562 10.087 19.4297
-11.938 0.125 45.562 10.175 23.8359
-11.938 0.188 45.562 10.262 42.5156
-11.938 0.250 45.562 10.349 38.4766
-11.938 0.312 45.561 10.437 31.4180
-11.938 0.375 45.561 10.524 24.5547
-11.938 0.438 45.561 10.611 23.9492
-11.938 0.500 45.560 10.699 17.8203
-11.938 0.562 45.559 10.786 8.6250
-11.938 0.625 45.558 10.873 4.3320
-11.938 0.688 45.558 10.961 3.0156
-11.938 0.750 45.557 11.048 4.3203
-11.938 0.812 45.556 11.135 4.4727
-11.938 0.875 45.555 11.223 4.5156
-11.938 0.938 45.553 11.310 4.9922
-11.938 1.000 45.552 11.397 7.0234
-11.938 1.062 45.551 11.485 10.3438
-11.875 -1.188 45.610 8.339 12.3398
-11.875 -1.125 45.612 8.426 9.9961
-11.875 -1.062 45.613 8.513 7.5156
-11.875 -1.000 45.615 8.601 6.6172
-11.875 -0.938 45.616 8.688 5.7617
-11.875 -0.875 45.617 8.776 5.9141
-11.875 -0.812 45.618 8.863 6.3008
-11.875 -0.750 45.619 8.951 8.0273
-11.875 -0.688 45.620 9.038 9.3672
-11.875 -0.625 45.621 9.125 12.8359
-11.875 -0.562 45.622 9.213 10.4961
-11.875 -0.500 45.622 9.300 8.6875
-11.875 -0.438 45.623 9.388 7.7500
-11.875 -0.375 45.624 9.475 8.6680
-11.875 -0.312 45.624 9.563 14.7852
-11.875 -0.250 45.624 9.650 23.8867
-11.875 -0.188 45.625 9.738 19.3633
-11.875 -0.125 45.625 9.825 15.9609
-11.875 -0.062 45.625 9.913 25.8320
-11.875 0.000 45.625 10.000 31.6836
-11.875 0.062 45.625 10.087 29.2773
-11.875 0.125 45.625 10.175 34.3438
-11.875 0.188 45.625 10.262 31.9219
-11.875 0.250 45.624 10.350 27.1289
-11.875 0.312 45.624 10.437 28.4453
-11.875 0.375 45.624 10.525 30.0586
-11.875 0.438 45.623 10.612 24.9219
-11.875 0.500 45.622 10.700 14.1523
-11.875 0.562 45.622 10.787 8.4922
-11.875 0.625 45.621 10.875 8.1484
-11.875 0.688 45.620 10.962 7.6523
-11.875 0.750 45.619 11.049 7.6250
-11.875 0.812 45.618 11.137 9.4023
-11.875 0.875 45.617 11.224 11.1445
-11.875 0.938 45.616 11.312 6.8047
-11.875 1.000 45.615 11.399 7.5117
-11.875 1.062 45.613 11.487 9.0469
-11.812 -1.188 45.673 8.336 18.2812
-11.812 -1.125 45.674 8.424 12.8594
-11.812 -1.062 45.676 8.511 7.8086
-11.812 -1.000 45.677 8.599 7.1094
-11.812 -0.938 45.678 8.687 7.6992
-11.812 -0.875 45.680 8.774 7.0938
-11.812 -0.812 45.681 8.862 5.1914
-11.812 -0.750 45.682 8.949 5.4180
-11.812 -0.688 45.683 9.037 9.3438
-11.812 -0.625 45.683 9.124 10.3750
-11.812 -0.562 45.684 9.212 7.8711
-11.812 -0.500 45.685 9.299 8.5664
-11.812 -0.438 45.686 9.387 12.6719
-11.812 -0.375 45.686 9.475 22.3398
-11.812 -0.312 45.686 9.562 34.3672
-11.812 -0.250 45.687 9.650 39.3086
-11.812 -0.188 45.687 9.737 38.3906
-11.812 -0.125 45.687 9.825 24.2500
-11.812 -0.062 45.687 9.912 38.1562
-11.812 0.000 45.688 10.000 39.7070
-11.812 0.062 45.687 10.088 34.1602
-11.812 0.125 45.687 10.175 35.9453
-11.812 0.188 45.687 10.263 29.5664
-11.812 0.250 45.687 10.350 30.1641
-11.812 0.312 45.686 10.438 19.7695
-11.812 0.375 45.686 10.525 15.9062
-11.812 0.438 45.686 10.613 19.5156
-11.812 0.500 45.685 10.701 14.1602
-11.812 0.562 45.684 10.788 9.9648
-11.812 0.625 45.683 10.876 10.9961
-11.812 0.688 45.683 10.963 5.0703
-11.812 0.750 45.682 11.051 4.4219
-11.812 0.812 45.681 11.138 11.3398
-11.812 0.875 45.680 11.226 18.7422
-11.812 0.938 45.678 11.313 11.6758
-11.812 1.000 45.677 11.401 11.2227
-11.812 1.062 45.676 11.489 12.1680
-11.750 -1.188 45.735 8.334 14.9180
-11.750 -1.125 45.737 8.422 14.5742
-11.750 -1.062 45.738 8.509 13.9688
-11.750 -1.000 45.740 8.597 15.9492
-11.750 -0.938 45.741 8.685 10.2852
-11.750 -0.875 45.742 8.772 4.6055
-11.750 -0.812 45.743 8.860 3.7383
-11.750 -0.750 45.744 8.948 4.7852
-11.750 -0.688 45.745 9.035 4.5703
-11.750 -0.625 45.746 9.123 6.2305
-11.750 -0.562 45.747 9.211 9.7656
-11.750 -0.500 45.747 9.298 8.5742
-11.750 -0.438 45.748 9.386 8.0898
-11.750 -0.375 45.749 9.474 36.8242
-11.750 -0.312 45.749 9.562 106.0547
-11.750 -0.250 45.749 9.649 67.4102
-11.750 -0.188 45.750 9.737 87.7812
-11.750 -0.125 45.750 9.825 76.5859
-11.750 -0.062 45.750 9.912 64.4023
-11.750 0.000 45.750 10.000 43.5156
-11.750 0.062 45.750 10.088 32.7266
-11.750 0.125 45.750 10.175 27.4453
-11.750 0.188 45.750 10.263 40.2500
-11.750 0.250 45.749 10.351 48.4375
-11.750 0.312 45.749 10.438 30.4219
-11.750 0.375 45.749 10.526 13.6172
-11.750 0.438 45.748 10.614 9.4453
-11.750 0.500 45.747 10.702 5.5938
-11.750 0.562 45.747 10.789 10.2344
-11.750 0.625 45.746 10.877 10.0547
-11.750 0.688 45.745 10.965 2.4961
-11.750 0.750 45.744 11.052 3.2109
-11.750 0.812 45.743 11.140 14.1680
-11.750 0.875 45.742 11.228 28.7969
-11.750 0.938 45.741 11.315 14.5469
-11.750 1.000 45.740 11.403 10.0078
-11.750 1.062 45.738 11.491 9.1953
-11.688 -1.188 45.798 8.332 19.9297
-11.688 -1.125 45.799 8.420 16.9648
-11.688 -1.062 45.801 8.507 12.5195
-11.688 -1.000 45.802 8.595 10.5586
-11.688 -0.938 45.803 8.683 9.9492
-11.688 -0.875 45.805 8.771 9.1055
-11.688 -0.812 45.806 8.859 7.4062
-11.688 -0.750 45.807 8.946 6.0625
-11.688 -0.688 45.808 9.034 4.6094
-11.688 -0.625 45.808 9.122 7.2695
-11.688 -0.562 45.809 9.210 12.0938
-11.688 -0.500 45.810 9.298 15.3516
-11.688 -0.438 45.811 9.385 15.0352
-11.688 -0.375 45.811 9.473 16.8477
-11.688 -0.312 45.811 9.561 28.4375
-11.688 -0.250 45.812 9.649 23.8750
-11.688 -0.188 45.812 9.737 37.6172
-11.688 -0.125 45.812 9.824 56.4883
-11.688 -0.062 45.812 9.912 56.0430
-11.688 0.000 45.813 10.000 81.2773
-11.688 0.062 45.812 10.088 47.4062
-11.688 0.125 45.812 10.176 32.1211
-11.688 0.188 45.812 10.263 19.5391
-11.688 0.250 45.812 10.351 34.6953
-11.688 0.312 45.811 10.439 31.3789
-11.688 0.375 45.811 10.527 26.0664
-11.688 0.438 45.811 10.615 11.8516
-11.688 0.500 45.810 10.702 4.4570
-11.688 0.562 45.809 10.790 3.2539
-11.688 0.625 45.808 10.878 9.5977
-11.688 0.688 45.808 10.966 1.1016
-11.688 0.750 45.807 11.054 2.9844
-11.688 0.812 45.806 11.141 10.1445
-11.688 0.875 45.805 11.229 26.2148
-11.688 0.938 45.803 11.317 20.7109
-11.688 1.000 45.802 11.405 8.2305
-11.688 1.062 45.801 11.493 4.2422
-11.625 -1.188 45.860 8.330 23.8047
-11.625 -1.125 45.862 8.418 20.1758
-11.625 -1.062 45.863 8.505 14.2539
-11.625 -1.000 45.865 8.593 8.0195
-11.625 -0.938 45.866 8.681 11.5664
-11.625 -0.875 45.867 8.769 12.4023
-11.625 -0.812 45.868 8.857 11.0234
-11.625 -0.750 45.869 8.945 12.3711
-11.625 -0.688 45.870 9.033 9.5078
-11.625 -0.625 45.871 9.121 8.0859
-11.625 -0.562 45.872 9.209 5.1289
-11.625 -0.500 45.872 9.297 7.3125
-11.625 -0.438 45.873 9.385 12.0312
-11.625 -0.375 45.874 9.472 6.3516
-11.625 -0.312 45.874 9.560 7.7539
-11.625 -0.250 45.874 9.648 13.9492
-11.625 -0.188 45.875 9.736 24.6875
-11.625 -0.125 45.875 9.824 37.8945
-11.625 -0.062 45.875 9.912 62.8320
-11.625 0.000 45.875 10.000 104.9141
-11.625 0.062 45.875 10.088 63.1562
-11.625 0.125 45.875 10.176 20.2188
-11.625 0.188 45.875 10.264 19.9141
-11.625 0.250 45.874 10.352 18.8789
-11.625 0.312 45.874 10.440 18.7227
-11.625 0.375 45.874 10.528 34.2500
-11.625 0.438 45.873 10.615 12.7344
-11.625 0.500 45.872 10.703 12.9453
-11.625 0.562 45.872 10.791 3.6836
-11.625 0.625 45.871 10.879 4.9492
-11.625 0.688 45.870 10.967 0.9844
-11.625 0.750 45.869 11.055 2.7617
-11.625 0.812 45.868 11.143 6.7695
-11.625 0.875 45.867 11.231 23.7617
-11.625 0.938 45.866 11.319 28.8125
-11.625 1.000 45.865 11.407 18.3828
-11.625 1.062 45.863 11.495 8.6172
-11.562 -1.188 45.923 8.327 14.3867
-11.562 -1.125 45.924 8.415 14.7305
-11.562 -1.062 45.926 8.503 14.3164
-11.562 -1.000 45.927 8.591 12.1758
-11.562 -0.938 45.928 8.679 8.9648
-11.562 -0.875 45.930 8.767 8.0664
-11.562 -0.812 45.931 8.855 7.1328
-11.562 -0.750 45.932 8.944 8.6992
-11.562 -0.688 45.933 9.032 11.7656
-11.562 -0.625 45.933 9.120 8.3008
-11.562 -0.562 45.934 9.208 6.9180
-11.562 -0.500 45.935 9.296 7.0664
-11.562 -0.438 45.936 9.384 9.0859
-11.562 -0.375 45.936 9.472 6.3320
-11.562 -0.312 45.936 9.560 5.8672
-11.562 -0.250 45.937 9.648 12.0039
-11.562 -0.188 45.937 9.736 18.6094
-11.562 -0.125 45.937 9.824 11.0938
-11.562 -0.062 45.937 9.912 19.9805
-11.562 0.000 45.938 10.000 17.0078
-11.562 0.062 45.937 10.088 30.2852
-11.562 0.125 45.937 10.176 24.3125
-11.562 0.188 45.937 10.264 16.5664
-11.562 0.250 45.937 10.352 26.0156
-11.562 0.312 45.936 10.440 12.0508
-11.562 0.375 45.936 10.528 19.5312
-11.562 0.438 45.936 10.616 28.4805
-11.562 0.500 45.935 10.704 25.3320
-11.562 0.562 45.934 10.792 11.8672
-11.562 0.625 45.933 10.880 5.4258
-11.562 0.688 45.933 10.968 2.4180
-11.562 0.750 45.932 11.056 3.3984
-11.562 0.812 45.931 11.145 8.7656
-11.562 0.875 45.930 11.233 9.7539
-11.562 0.938 45.928 11.321 4.4727
-11.562 1.000 45.927 11.409 8.7852
-11.562 1.062 45.926 11.497 8.1875
-11.500 -1.188 45.985 8.325 15.0039
-11.500 -1.125 45.987 8.413 12.3828
-11.500 -1.062 45.988 8.501 11.7227
-11.500 -1.000 45.990 8.590 11.8672
-11.500 -0.938 45.991 8.678 9.7812
-11.500 -0.875 45.992 8.766 8.7188
-11.500 -0.812 45.993 8.854 7.8828
-11.500 -0.750 45.994 8.942 7.4531
-11.500 -0.688 45.995 9.030 9.8086
-11.500 -0.625 45.996 9.118 6.4570
-11.500 -0.562 45.997 9.207 5.3828
-11.500 -0.500 45.997 9.295 6.7188
-11.500 -0.438 45.998 9.383 11.5547
-11.500 -0.375 45.999 9.471 9.8555
-11.500 -0.312 45.999 9.559 9.4766
-11.500 -0.250 45.999 9.647 13.1758
-11.500 -0.188 46.000 9.736 17.1055
-11.500 -0.125 46.000 9.824 9.4180
-11.500 -0.062 46.000 9.912 15.9570
-11.500 0.000 46.000 10.000 16.0742
-11.500 0.062 46.000 10.088 9.1484
-11.500 0.125 46.000 10.176 23.5742
-11.500 0.188 46.000 10.264 14.6719
-11.500 0.250 45.999 10.353 23.0508
-11.500 0.312 45.999 10.441 29.5664
-11.500 0.375 45.999 10.529 14.5781
-11.500 0.438 45.998 10.617 42.8555
-11.500 0.500 45.997 10.705 40.2656
-11.500 0.562 45.997 10.793 29.6367
-11.500 0.625 45.996 10.882 19.0195
-11.500 0.688 45.995 10.970 5.6875
-11.500 0.750 45.994 11.058 5.4297
-11.500 0.812 45.993 11.146 9.1289
-11.500 0.875 45.992 11.234 10.2422
-11.500 0.938 45.991 11.322 8.4922
-11.500 1.000 45.990 11.410 13.8945
-11.500 1.062 45.988 11.499 14.8945
-11.438 -1.188 46.048 8.323 12.2109
-11.438 -1.125 46.049 8.411 11.3359
-11.438 -1.062 46.051 8.499 7.9180
-11.438 -1.000 46.052 8.588 7.2070
-11.438 -0.938 46.053 8.676 9.3398
-11.438 -0.875 46.055 8.764 11.6836
-11.438 -0.812 46.056 8.852 9.9844
-11.438 -0.750 46.057 8.941 10.6289
-11.438 -0.688 46.058 9.029 12.6758
-11.438 -0.625 46.058 9.117 9.4961
-11.438 -0.562 46.059 9.205 3.9531
-11.438 -0.500 46.060 9.294 3.0078
-11.438 -0.438 46.061 9.382 9.0039
-11.438 -0.375 46.061 9.470 16.7070
-11.438 -0.312 46.061 9.559 14.4062
-11.438 -0.250 46.062 9.647 10.1562
-11.438 -0.188 46.062 9.735 14.1367
-11.438 -0.125 46.062 9.823 22.1328
-11.438 -0.062 46.062 9.912 15.2617
-11.438 0.000 46.063 10.000 11.1406
-11.438 0.062 46.062 10.088 11.9609
-11.438 0.125 46.062 10.177 14.7422
-11.438 0.188 46.062 10.265 34.1445
-11.438 0.250 46.062 10.353 14.6367
-11.438 0.312 46.061 10.441 42.3633
-11.438 0.375 46.061 10.530 18.8477
-11.438 0.438 46.061 10.618 51.1094
-11.438 0.500 46.060 10.706 63.9766
-11.438 0.562 46.059 10.795 30.1523
-11.438 0.625 46.058 10.883 20.6758
-11.438 0.688 46.058 10.971 10.3086
-11.438 0.750 46.057 11.059 11.4766
-11.438 0.812 46.056 11.148 10.6953
-11.438 0.875 46.055 11.236 10.4219
-11.438 0.938 46.053 11.324 14.3320
-11.438 1.000 46.052 11.412 28.3945
-11.438 1.062 46.051 11.501 19.1836
-11.375 -1.188 46.110 8.321 11.3203
-11.375 -1.125 46.112 8.409 12.4023
-11.375 -1.062 46.113 8.497 9.6406
-11.375 -1.000 46.115 8.586 7.8242
-11.375 -0.938 46.116 8.674 5.9766
-11.375 -0.875 46.117 8.762 5.3750
-11.375 -0.812 46.118 8.851 8.0117
-11.375 -0.750 46.119 8.939 7.6758
-11.375 -0.688 46.120 9.028 7.6680
-11.375 -0.625 46.121 9.116 11.6367
-11.375 -0.562 46.122 9.204 14.8438
-11.375 -0.500 46.122 9.293 6.0312
-11.375 -0.438 46.123 9.381 11.8633
-11.375 -0.375 46.124 9.470 19.9258
-11.375 -0.312 46.124 9.558 10.5039
-11.375 -0.250 46.124 9.646 13.6484
-11.375 -0.188 46.125 9.735 14.3945
-11.375 -0.125 46.125 9.823 17.1758
-11.375 -0.062 46.125 9.912 16.6719
-11.375 0.000 46.125 10.000 18.1484
-11.375 0.062 46.125 10.088 24.1914
-11.375 0.125 46.125 10.177 27.9688
-11.375 0.188 46.125 10.265 15.4180
-11.375 0.250 46.124 10.354 11.8086
-11.375 0.312 46.124 10.442 20.2891
-11.375 0.375 46.124 10.530 14.4414
-11.375 0.438 46.123 10.619 31.8867
-11.375 0.500 46.122 10.707 51.1602
-11.375 0.562 46.122 10.796 27.5430
-11.375 0.625 46.121 10.884 27.2500
-11.375 0.688 46.120 10.972 17.6953
-11.375 0.750 46.119 11.061 16.6328
-11.375 0.812 46.118 11.149 11.7266
-11.375 0.875 46.117 11.238 8.4805
-11.375 0.938 46.116 11.326 15.2695
-11.375 1.000 46.115 11.414 32.5508
-11.375 1.062 46.113 11.503 17.3633
-11.312 -1.188 46.173 8.318 11.2109
-11.312 -1.125 46.174 8.407 12.8555
-11.312 -1.062 46.176 8.495 16.7383
-11.312 -1.000 46.177 8.584 6.7969
-11.312 -0.938 46.178 8.672 5.1797
-11.312 -0.875 46.180 8.761 5.8281
-11.312 -0.812 46.181 8.849 6.2500
-11.312 -0.750 46.182 8.938 6.9844
-11.312 -0.688 46.183 9.026 9.1211
-11.312 -0.625 46.183 9.115 19.7461
-11.312 -0.562 46.184 9.203 18.8750
-11.312 -0.500 46.185 9.292 11.1758
-11.312 -0.438 46.186 9.380 10.8438
-11.312 -0.375 46.186 9.469 9.4492
-11.312 -0.312 46.186 9.557 9.5039
-11.312 -0.250 46.187 9.646 11.2031
-11.312 -0.188 46.187 9.734 10.8281
-11.312 -0.125 46.187 9.823 8.8125
-11.312 -0.062 46.187 9.911 8.6406
-11.312 0.000 46.188 10.000 14.5781
-11.312 0.062 46.187 10.089 18.7461
-11.312 0.125 46.187 10.177 25.7148
-11.312 0.188 46.187 10.266 16.7188
-11.312 0.250 46.187 10.354 12.5430
-11.312 0.312 46.186 10.443 16.0078
-11.312 0.375 46.186 10.531 22.6953
-11.312 0.438 46.186 10.620 16.4180
-11.312 0.500 46.185 10.708 37.3008
-11.312 0.562 46.184 10.797 27.6289
-11.312 0.625 46.183 10.885 26.5547
-11.312 0.688 46.183 10.974 27.5547
-11.312 0.750 46.182 11.062 20.8164
-11.312 0.812 46.181 11.151 13.8477
-11.312 0.875 46.180 11.239 8.4336
-11.312 0.938 46.178 11.328 15.3672
-11.312 1.000 46.177 11.416 18.8711
-11.312 1.062 46.176 11.505 22.3164
-11.250 -1.188 46.235 8.316 11.3672
-11.250 -1.125 46.237 8.405 10.9844
-11.250 -1.062 46.238 8.493 10.3516
-11.250 -1.000 46.240 8.582 6.7383
-11.250 -0.938 46.241 8.670 6.1953
-11.250 -0.875 46.242 8.759 6.4609
-11.250 -0.812 46.243 8.848 8.1367
-11.250 -0.750 46.244 8.936 8.9453
-11.250 -0.688 46.245 9.025 11.3242
-11.250 -0.625 46.246 9.114 24.1914
-11.250 -0.562 46.247 9.202 22.5508
-11.250 -0.500 46.247 9.291 13.7812
-11.250 -0.438 46.248 9.380 10.0156
-11.250 -0.375 46.249 9.468 9.1602
-11.250 -0.312 46.249 9.557 11.8516
-11.250 -0.250 46.249 9.645 22.9180
-11.250 -0.188 46.250 9.734 25.0078
-11.250 -0.125 46.250 9.823 15.5508
-11.250 -0.062 46.250 9.911 16.9609
-11.250 0.000 46.250 10.000 17.2148
-11.250 0.062 46.250 10.089 19.0977
-11.250 0.125 46.250 10.177 16.9258
-11.250 0.188 46.250 10.266 15.6641
-11.250 0.250 46.249 10.355 13.2148
-11.250 0.312 46.249 10.443 17.3008
-11.250 0.375 46.249 10.532 22.3008
-11.250 0.438 46.248 10.620 25.0742
-11.250 0.500 46.247 10.709 40.2344
-11.250 0.562 46.247 10.798 32.2227
-11.250 0.625 46.246 10.886 27.6055
-11.250 0.688 46.245 10.975 35.5586
-11.250 0.750 46.244 11.064 24.1797
-11.250 0.812 46.243 11.152 17.8398
-11.250 0.875 46.242 11.241 12.5898
-11.250 0.938 46.241 11.330 21.0586
-11.250 1.000 46.240 11.418 26.9023
-11.250 1.062 46.238 11.507 39.1992
-11.188 -1.188 46.298 8.314 13.0586
-11.188 -1.125 46.299 8.403 12.4258
-11.188 -1.062 46.301 8.491 20.1562
-11.188 -1.000 46.302 8.580 9.5391
-11.188 -0.938 46.303 8.669 7.0898
-11.188 -0.875 46.304 8.757 6.3984
-11.188 -0.812 46.306 8.846 5.7656
-11.188 -0.750 46.307 8.935 8.4570
-11.188 -0.688 46.308 9.024 13.9141
-11.188 -0.625 46.308 9.112 14.9883
-11.188 -0.562 46.309 9.201 18.1758
-11.188 -0.500 46.310 9.290 22.1016
-11.188 -0.438 46.310 9.379 12.1484
-11.188 -0.375 46.311 9.467 9.1016
-11.188 -0.312 46.311 9.556 14.7695
-11.188 -0.250 46.312 9.645 15.3242
-11.188 -0.188 46.312 9.734 12.1797
-11.188 -0.125 46.312 9.822 12.8867
-11.188 -0.062 46.312 9.911 10.0391
-11.188 0.000 46.312 10.000 14.6758
-11.188 0.062 46.312 10.089 12.7383
-11.188 0.125 46.312 10.178 20.5781
-11.188 0.188 46.312 10.266 18.1406
-11.188 0.250 46.312 10.355 16.4922
-11.188 0.312 46.311 10.444 21.1562
-11.188 0.375 46.311 10.533 30.7539
-11.188 0.438 46.310 10.621 35.0391
-11.188 0.500 46.310 10.710 25.3086
-11.188 0.562 46.309 10.799 20.9297
-11.188 0.625 46.308 10.888 40.9336
-11.188 0.688 46.308 10.976 39.4258
-11.188 0.750 46.307 11.065 27.3555
-11.188 0.812 46.306 11.154 20.7500
-11.188 0.875 46.304 11.243 22.1016
-11.188 0.938 46.303 11.331 18.9883
-11.188 1.000 46.302 11.420 23.8672
-11.188 1.062 46.301 11.509 38.1445
-11.125 -1.188 46.360 8.312 4.8477
-11.125 -1.125 46.362 8.400 7.1289
-11.125 -1.062 46.363 8.489 16.1562
-11.125 -1.000 46.365 8.578 11.6484
-11.125 -0.938 46.366 8.667 8.7773
-11.125 -0.875 46.367 8.756 19.5234
-11.125 -0.812 46.368 8.845 14.5781
-11.125 -0.750 46.369 8.933 7.0117
-11.125 -0.688 46.370 9.022 8.0352
-11.125 -0.625 46.371 9.111 14.1641
-11.125 -0.562 46.372 9.200 16.4219
-11.125 -0.500 46.372 9.289 11.9297
-11.125 -0.438 46.373 9.378 15.2461
-11.125 -0.375 46.374 9.467 18.3164
-11.125 -0.312 46.374 9.556 16.5938
-11.125 -0.250 46.374 9.644 15.7109
-11.125 -0.188 46.375 9.733 19.3711
-11.125 -0.125 46.375 9.822 15.7266
-11.125 -0.062 46.375 9.911 14.3906
-11.125 0.000 46.375 10.000 18.4219
-11.125 0.062 46.375 10.089 14.0312
-11.125 0.125 46.375 10.178 15.2734
-11.125 0.188 46.375 10.267 18.2734
-11.125 0.250 46.374 10.356 16.7695
-11.125 0.312 46.374 10.444 20.3789
-11.125 0.375 46.374 10.533 26.3281
-11.125 0.438 46.373 10.622 29.8477
-11.125 0.500 46.372 10.711 29.1250
-11.125 0.562 46.372 10.800 17.4258
-11.125 0.625 46.371 10.889 35.1914
-11.125 0.688 46.370 10.978 35.1641
-11.125 0.750 46.369 11.067 32.4883
-11.125 0.812 46.368 11.155 26.1016
-11.125 0.875 46.367 11.244 34.5000
-11.125 0.938 46.366 11.333 17.2656
-11.125 1.000 46.365 11.422 30.5273
-11.125 1.062 46.363 11.511 29.4531
-11.062 -1.188 46.423 8.309 2.9141
-11.062 -1.125 46.424 8.398 4.0430
-11.062 -1.062 46.426 8.487 7.8320
-11.062 -1.000 46.427 8.576 9.5859
-11.062 -0.938 46.428 8.665 9.1992
-11.062 -0.875 46.429 8.754 26.3008
-11.062 -0.812 46.431 8.843 25.6094
-11.062 -0.750 46.432 8.932 6.9141
-11.062 -0.688 46.433 9.021 18.0391
-11.062 -0.625 46.433 9.110 17.6094
-11.062 -0.562 46.434 9.199 18.6758
-11.062 -0.500 46.435 9.288 13.8789
-11.062 -0.438 46.435 9.377 17.8203
-11.062 -0.375 46.436 9.466 28.2422
-11.062 -0.312 46.436 9.555 20.2383
-11.062 -0.250 46.437 9.644 25.4844
-11.062 -0.188 46.437 9.733 28.3516
-11.062 -0.125 46.437 9.822 19.5234
-11.062 -0.062 46.437 9.911 19.1094
-11.062 0.000 46.438 10.000 22.7422
-11.062 0.062 46.437 10.089 20.9805
-11.062 0.125 46.437 10.178 22.4883
-11.062 0.188 46.437 10.267 18.3945
-11.062 0.250 46.437 10.356 18.2383
-11.062 0.312 46.436 10.445 33.5586
-11.062 0.375 46.436 10.534 29.5859
-11.062 0.438 46.435 10.623 22.5664
-11.062 0.500 46.435 10.712 21.1211
-11.062 0.562 46.434 10.801 19.7930
-11.062 0.625 46.433 10.890 19.8398
-11.062 0.688 46.433 10.979 45.9531
-11.062 0.750 46.432 11.068 39.5977
-11.062 0.812 46.431 11.157 31.0898
-11.062 0.875 46.429 11.246 33.8359
-11.062 0.938 46.428 11.335 17.4961
-11.062 1.000 46.427 11.424 25.3203
-11.062 1.062 46.426 11.513 39.9766
-11.000 -1.188 46.485 8.307 2.5039
-11.000 -1.125 46.487 8.396 4.0195
-11.000 -1.062 46.488 8.485 5.3047
-11.000 -1.000 46.490 8.574 4.4102
-11.000 -0.938 46.491 8.663 6.5391
-11.000 -0.875 46.492 8.752 15.1406
-11.000 -0.812 46.493 8.841 23.7617
-11.000 -0.750 46.494 8.931 13.0508
-11.000 -0.688 46.495 9.020 17.4219
-11.000 -0.625 46.496 9.109 14.0938
-11.000 -0.562 46.497 9.198 11.2578
-11.000 -0.500 46.497 9.287 8.0312
-11.000 -0.438 46.498 9.376 10.9297
-11.000 -0.375 46.499 9.465 18.0547
-11.000 -0.312 46.499 9.554 22.4297
-11.000 -0.250 46.499 9.643 22.7539
-11.000 -0.188 46.500 9.733 23.6016
-11.000 -0.125 46.500 9.822 24.9492
-11.000 -0.062 46.500 9.911 33.2617
-11.000 0.000 46.500 10.000 43.9688
-11.000 0.062 46.500 10.089 23.1328
-11.000 0.125 46.500 10.178 27.7188
-11.000 0.188 46.500 10.267 20.6680
-11.000 0.250 46.499 10.357 28.2695
-11.000 0.312 46.499 10.446 40.4492
-11.000 0.375 46.499 10.535 32.6445
-11.000 0.438 46.498 10.624 26.8867
-11.000 0.500 46.497 10.713 25.9766
-11.000 0.562 46.497 10.802 28.7305
-11.000 0.625 46.496 10.891 19.0195
-11.000 0.688 46.495 10.980 23.3320
-11.000 0.750 46.494 11.069 35.4375
-11.000 0.812 46.493 11.159 28.6797
-11.000 0.875 46.492 11.248 20.2852
-11.000 0.938 46.491 11.337 17.5703
-11.000 1.000 46.490 11.426 15.5391
-11.000 1.062 46.488 11.515 36.0352
-10.938 -1.188 46.548 8.305 3.6953
-10.938 -1.125 46.549 8.394 3.7852
-10.938 -1.062 46.551 8.483 5.4336
-10.938 -1.000 46.552 8.572 4.3008
-10.938 -0.938 46.553 8.661 6.3203
-10.938 -0.875 46.554 8.751 12.8008
-10.938 -0.812 46.556 8.840 13.4062
-10.938 -0.750 46.557 8.929 13.3125
-10.938 -0.688 46.558 9.018 6.6797
-10.938 -0.625 46.558 9.108 13.2852
-10.938 -0.562 46.559 9.197 12.1289
-10.938 -0.500 46.560 9.286 8.5820
-10.938 -0.438 46.560 9.375 10.8320
-10.938 -0.375 46.561 9.465 16.4531
-10.938 -0.312 46.561 9.554 22.0664
-10.938 -0.250 46.562 9.643 25.9883
-10.938 -0.188 46.562 9.732 27.6094
-10.938 -0.125 46.562 9.822 19.7969
-10.938 -0.062 46.562 9.911 18.1367
-10.938 0.000 46.562 10.000 40.1797
-10.938 0.062 46.562 10.089 34.2422
-10.938 0.125 46.562 10.178 27.1133
-10.938 0.188 46.562 10.268 21.0938
-10.938 0.250 46.562 10.357 26.1172
-10.938 0.312 46.561 10.446 28.7852
-10.938 0.375 46.561 10.535 46.3242
-10.938 0.438 46.560 10.625 64.0586
-10.938 0.500 46.560 10.714 58.3047
-10.938 0.562 46.559 10.803 58.6289
-10.938 0.625 46.558 10.892 29.8359
-10.938 0.688 46.558 10.982 20.3906
-10.938 0.750 46.557 11.071 30.5039
-10.938 0.812 46.556 11.160 25.5273
-10.938 0.875 46.554 11.249 19.3008
-10.938 0.938 46.553 11.339 24.4766
-10.938 1.000 46.552 11.428 26.6055
-10.938 1.062 46.551 11.517 23.5859
-10.875 -1.188 46.610 8.302 8.9844
-10.875 -1.125 46.612 8.392 4.3320
-10.875 -1.062 46.613 8.481 7.1992
-10.875 -1.000 46.614 8.570 7.9961
-10.875 -0.938 46.616 8.660 7.6328
-10.875 -0.875 46.617 8.749 6.9531
-10.875 -0.812 46.618 8.838 7.7188
-10.875 -0.750 46.619 8.928 10.2461
-10.875 -0.688 46.620 9.017 9.3633
-10.875 -0.625 46.621 9.106 14.6406
-10.875 -0.562 46.622 9.196 13.0117
-10.875 -0.500 46.622 9.285 9.3281
-10.875 -0.438 46.623 9.374 12.0469
-10.875 -0.375 46.624 9.464 14.4062
-10.875 -0.312 46.624 9.553 16.0586
-10.875 -0.250 46.624 9.643 24.5742
-10.875 -0.188 46.625 9.732 43.3906
-10.875 -0.125 46.625 9.821 25.3281
-10.875 -0.062 46.625 9.911 15.4922
-10.875 0.000 46.625 10.000 21.3164
-10.875 0.062 46.625 10.089 29.5703
-10.875 0.125 46.625 10.179 42.2930
-10.875 0.188 46.625 10.268 26.5352
-10.875 0.250 46.624 10.357 22.6211
-10.875 0.312 46.624 10.447 17.8555
-10.875 0.375 46.624 10.536 20.8555
-10.875 0.438 46.623 10.626 46.7930
-10.875 0.500 46.622 10.715 45.4531
-10.875 0.562 46.622 10.804 26.8359
-10.875 0.625 46.621 10.894 25.4883
-10.875 0.688 46.620 10.983 24.6719
-10.875 0.750 46.619 11.072 39.0312
-10.875 0.812 46.618 11.162 26.3516
-10.875 0.875 46.617 11.251 22.0781
-10.875 0.938 46.616 11.340 28.3164
-10.875 1.000 46.614 11.430 30.8164
-10.875 1.062 46.613 11.519 23.3750
-10.812 -1.188 46.673 8.300 15.6680
-10.812 -1.125 46.674 8.389 6.5273
-10.812 -1.062 46.676 8.479 9.9375
-10.812 -1.000 46.677 8.568 7.3945
-10.812 -0.938 46.678 8.658 13.6680
-10.812 -0.875 46.679 8.747 13.0781
-10.812 -0.812 46.681 8.837 7.2695
-10.812 -0.750 46.682 8.926 10.9102
-10.812 -0.688 46.683 9.016 10.9570
-10.812 -0.625 46.683 9.105 10.8398
-10.812 -0.562 46.684 9.195 10.8359
-10.812 -0.500 46.685 9.284 15.3320
-10.812 -0.438 46.685 9.374 12.8008
-10.812 -0.375 46.686 9.463 8.4648
-10.812 -0.312 46.686 9.553 10.0859
-10.812 -0.250 46.687 9.642 10.6523
-10.812 -0.188 46.687 9.732 14.1094
-10.812 -0.125 46.687 9.821 28.9727
-10.812 -0.062 46.687 9.911 20.8555
-10.812 0.000 46.688 10.000 15.9180
-10.812 0.062 46.687 10.089 26.6367
-10.812 0.125 46.687 10.179 30.6914
-10.812 0.188 46.687 10.268 16.0977
-10.812 0.250 46.687 10.358 17.1016
-10.812 0.312 46.686 10.447 17.3086
-10.812 0.375 46.686 10.537 17.4648
-10.812 0.438 46.685 10.626 30.8125
-10.812 0.500 46.685 10.716 61.7930
-10.812 0.562 46.684 10.805 32.1992
-10.812 0.625 46.683 10.895 38.3711
-10.812 0.688 46.683 10.984 38.4883
-10.812 0.750 46.682 11.074 37.2773
-10.812 0.812 46.681 11.163 23.6328
-10.812 0.875 46.679 11.253 32.1289
-10.812 0.938 46.678 11.342 29.4648
-10.812 1.000 46.677 11.432 33.6484
-10.812 1.062 46.676 11.521 34.8281
