-12.875 -1.188 44.611 8.374 272.6964
-12.875 -1.125 44.612 8.459 272.5167
-12.875 -1.063 44.614 8.545 272.6149
-12.875 -1.000 44.615 8.630 272.6915
-12.875 -0.938 44.616 8.716 272.6158
-12.875 -0.875 44.617 8.802 272.2667
-12.875 -0.813 44.618 8.887 271.9435
-12.875 -0.750 44.619 8.973 271.7155
-12.875 -0.688 44.620 9.058 271.0934
-12.875 -0.625 44.621 9.144 271.1769
-12.875 -0.563 44.622 9.230 271.7155
-12.875 -0.500 44.622 9.315 271.8571
-12.875 -0.438 44.623 9.401 271.1071
-12.875 -0.375 44.624 9.486 270.4542
-12.875 -0.313 44.624 9.572 270.7404
-12.875 -0.250 44.624 9.658 270.6241
-12.875 -0.188 44.625 9.743 269.9479
-12.875 -0.125 44.625 9.829 269.5612
-12.875 -0.063 44.625 9.914 270.0406
-12.875 0.000 44.625 10.000 270.2535
-12.875 0.063 44.625 10.086 269.9762
-12.875 0.125 44.625 10.171 269.2823
-12.875 0.188 44.625 10.257 268.4381
-12.875 0.250 44.624 10.342 267.8663
-12.875 0.313 44.624 10.428 267.7335
-12.875 0.375 44.624 10.514 267.7858
-12.875 0.438 44.623 10.599 267.9283
-12.875 0.500 44.622 10.685 268.3077
-12.875 0.563 44.622 10.770 269.3405
-12.875 0.625 44.621 10.856 270.4684
-12.875 0.688 44.620 10.942 270.9430
-12.875 0.750 44.619 11.027 271.2052
-12.875 0.813 44.618 11.113 271.5587
-12.875 0.875 44.617 11.198 271.7355
-12.875 0.938 44.616 11.284 271.9083
-12.875 1.000 44.615 11.370 272.0446
-12.875 1.063 44.614 11.455 272.1349
-12.813 -1.188 44.673 8.372 272.3365
-12.813 -1.125 44.675 8.457 272.0597
-12.813 -1.063 44.676 8.543 271.8082
-12.813 -1.000 44.677 8.629 271.8575
-12.813 -0.938 44.679 8.714 272.0822
-12.813 -0.875 44.680 8.800 272.1832
-12.813 -0.813 44.681 8.886 271.9713
-12.813 -0.750 44.682 8.971 271.8146
-12.813 -0.688 44.683 9.057 271.1119
-12.813 -0.625 44.684 9.143 271.1466
-12.813 -0.563 44.684 9.229 271.5099
-12.813 -0.500 44.685 9.314 271.8336
-12.813 -0.438 44.686 9.400 271.4010
-12.813 -0.375 44.686 9.486 270.6207
-12.813 -0.313 44.687 9.571 270.4542
-12.813 -0.250 44.687 9.657 270.4913
-12.813 -0.188 44.687 9.743 270.2208
-12.813 -0.125 44.687 9.829 270.0289
-12.813 -0.063 44.687 9.914 270.3268
-12.813 0.000 44.687 10.000 270.3414
-12.813 0.063 44.687 10.086 269.9952
-12.813 0.125 44.687 10.171 269.2887
-12.813 0.188 44.687 10.257 268.6051
-12.813 0.250 44.687 10.343 268.0983
-12.813 0.313 44.687 10.429 267.9215
-12.813 0.375 44.686 10.514 267.8971
-12.813 0.438 44.686 10.600 268.2858
-12.813 0.500 44.685 10.686 268.7574
-12.813 0.563 44.684 10.771 269.6793
-12.813 0.625 44.684 10.857 270.5411
-12.813 0.688 44.683 10.943 270.8341
-12.813 0.750 44.682 11.029 270.9000
-12.813 0.813 44.681 11.114 271.1901
-12.813 0.875 44.680 11.200 271.3385
-12.813 0.938 44.679 11.286 271.4669
-12.813 1.000 44.677 11.371 271.6002
-12.813 1.063 44.676 11.457 271.7296
-12.750 -1.188 44.736 8.369 272.0768
-12.750 -1.125 44.737 8.455 271.6637
-12.750 -1.063 44.739 8.541 271.3165
-12.750 -1.000 44.740 8.627 271.1798
-12.750 -0.938 44.741 8.713 271.3683
-12.750 -0.875 44.742 8.798 271.5924
-12.750 -0.813 44.743 8.884 271.6617
-12.750 -0.750 44.744 8.970 271.6241
-12.750 -0.688 44.745 9.056 271.4767
-12.750 -0.625 44.746 9.142 271.4674
-12.750 -0.563 44.747 9.228 271.3815
-12.750 -0.500 44.747 9.313 271.5153
-12.750 -0.438 44.748 9.399 271.2872
-12.750 -0.375 44.749 9.485 270.8107
-12.750 -0.313 44.749 9.571 270.6232
-12.750 -0.250 44.749 9.657 270.5690
-12.750 -0.188 44.750 9.742 270.5651
-12.750 -0.125 44.750 9.828 270.4948
-12.750 -0.063 44.750 9.914 270.5397
-12.750 0.000 44.750 10.000 270.2906
-12.750 0.063 44.750 10.086 269.9469
-12.750 0.125 44.750 10.172 269.3624
-12.750 0.188 44.750 10.258 268.6022
-12.750 0.250 44.749 10.343 268.0187
-12.750 0.313 44.749 10.429 267.6451
-12.750 0.375 44.749 10.515 267.7765
-12.750 0.438 44.748 10.601 268.5167
-12.750 0.500 44.747 10.687 269.2843
-12.750 0.563 44.747 10.772 270.0377
-12.750 0.625 44.746 10.858 270.5250
-12.750 0.688 44.745 10.944 270.4899
-12.750 0.750 44.744 11.030 270.4923
-12.750 0.813 44.743 11.116 270.6989
-12.750 0.875 44.742 11.202 270.8766
-12.750 0.938 44.741 11.287 270.9879
-12.750 1.000 44.740 11.373 271.1046
-12.750 1.063 44.739 11.459 271.2833
-12.688 -1.188 44.798 8.367 272.0480
-12.688 -1.125 44.800 8.453 271.5128
-12.688 -1.063 44.801 8.539 271.2565
-12.688 -1.000 44.802 8.625 270.9591
-12.688 -0.938 44.804 8.711 270.8976
-12.688 -0.875 44.805 8.797 271.0470
-12.688 -0.813 44.806 8.883 271.2242
-12.688 -0.750 44.807 8.969 271.3448
-12.688 -0.688 44.808 9.055 271.4894
-12.688 -0.625 44.809 9.141 271.5836
-12.688 -0.563 44.809 9.226 271.2726
-12.688 -0.500 44.810 9.312 271.1349
-12.688 -0.438 44.811 9.398 271.0465
-12.688 -0.375 44.811 9.484 270.9933
-12.688 -0.313 44.812 9.570 270.8307
-12.688 -0.250 44.812 9.656 270.8707
-12.688 -0.188 44.812 9.742 271.0182
-12.688 -0.125 44.812 9.828 270.9957
-12.688 -0.063 44.812 9.914 270.7037
-12.688 0.000 44.813 10.000 270.3336
-12.688 0.063 44.812 10.086 269.7604
-12.688 0.125 44.812 10.172 268.9669
-12.688 0.188 44.812 10.258 268.2047
-12.688 0.250 44.812 10.344 267.8185
-12.688 0.313 44.812 10.430 267.7604
-12.688 0.375 44.811 10.516 268.1295
-12.688 0.438 44.811 10.602 268.9093
-12.688 0.500 44.810 10.688 269.5978
-12.688 0.563 44.809 10.774 270.1798
-12.688 0.625 44.809 10.859 270.4220
-12.688 0.688 44.808 10.945 270.2067
-12.688 0.750 44.807 11.031 270.1881
-12.688 0.813 44.806 11.117 270.3444
-12.688 0.875 44.805 11.203 270.5211
-12.688 0.938 44.804 11.289 270.6505
-12.688 1.000 44.802 11.375 270.7882
-12.688 1.063 44.801 11.461 270.9781
-12.625 -1.188 44.861 8.365 272.0021
-12.625 -1.125 44.862 8.451 271.6818
-12.625 -1.063 44.864 8.537 271.2946
-12.625 -1.000 44.865 8.623 271.1031
-12.625 -0.938 44.866 8.709 270.9982
-12.625 -0.875 44.867 8.795 271.0372
-12.625 -0.813 44.868 8.881 271.1593
-12.625 -0.750 44.869 8.967 271.2946
-12.625 -0.688 44.870 9.053 271.5377
-12.625 -0.625 44.871 9.139 271.5533
-12.625 -0.563 44.872 9.225 271.4728
-12.625 -0.500 44.872 9.312 271.2267
-12.625 -0.438 44.873 9.398 271.0309
-12.625 -0.375 44.874 9.484 270.9933
-12.625 -0.313 44.874 9.570 271.1407
-12.625 -0.250 44.874 9.656 271.2365
-12.625 -0.188 44.875 9.742 271.1642
-12.625 -0.125 44.875 9.828 270.8551
-12.625 -0.063 44.875 9.914 270.4127
-12.625 0.000 44.875 10.000 269.9000
-12.625 0.063 44.875 10.086 269.2648
-12.625 0.125 44.875 10.172 268.5729
-12.625 0.188 44.875 10.258 268.0631
-12.625 0.250 44.874 10.344 267.9000
-12.625 0.313 44.874 10.430 268.0802
-12.625 0.375 44.874 10.516 268.6212
-12.625 0.438 44.873 10.602 269.2643
-12.625 0.500 44.872 10.688 269.8146
-12.625 0.563 44.872 10.775 270.1979
-12.625 0.625 44.871 10.861 270.1871
-12.625 0.688 44.870 10.947 270.0450
-12.625 0.750 44.869 11.033 270.0758
-12.625 0.813 44.868 11.119 270.2140
-12.625 0.875 44.867 11.205 270.3971
-12.625 0.938 44.866 11.291 270.5387
-12.625 1.000 44.865 11.377 270.6954
-12.625 1.063 44.864 11.463 270.8175
-12.563 -1.188 44.923 8.363 271.9396
-12.563 -1.125 44.925 8.449 271.6368
-12.563 -1.063 44.926 8.535 271.3541
-12.563 -1.000 44.927 8.621 271.1373
-12.563 -0.938 44.929 8.707 271.1842
-12.563 -0.875 44.930 8.794 271.2120
-12.563 -0.813 44.931 8.880 271.3131
-12.563 -0.750 44.932 8.966 271.4738
-12.563 -0.688 44.933 9.052 271.4088
-12.563 -0.625 44.934 9.138 271.4943
-12.563 -0.563 44.934 9.224 271.5939
-12.563 -0.500 44.935 9.311 271.3722
-12.563 -0.438 44.936 9.397 271.1632
-12.563 -0.375 44.936 9.483 271.0983
-12.563 -0.313 44.937 9.569 271.2081
-12.563 -0.250 44.937 9.655 271.1823
-12.563 -0.188 44.937 9.741 270.9308
-12.563 -0.125 44.937 9.828 270.6666
-12.563 -0.063 44.937 9.914 270.3234
-12.563 0.000 44.938 10.000 269.8429
-12.563 0.063 44.937 10.086 269.2487
-12.563 0.125 44.937 10.172 268.5734
-12.563 0.188 44.937 10.259 268.1603
-12.563 0.250 44.937 10.345 268.0763
-12.563 0.313 44.937 10.431 268.3571
-12.563 0.375 44.936 10.517 268.9044
-12.563 0.438 44.936 10.603 269.4987
-12.563 0.500 44.935 10.689 269.9825
-12.563 0.563 44.934 10.776 270.1456
-12.563 0.625 44.934 10.862 269.9254
-12.563 0.688 44.933 10.948 269.9596
-12.563 0.750 44.932 11.034 270.1256
-12.563 0.813 44.931 11.120 270.2755
-12.563 0.875 44.930 11.206 270.4332
-12.563 0.938 44.929 11.293 270.5997
-12.563 1.000 44.927 11.379 270.7491
-12.563 1.063 44.926 11.465 270.7491
-12.500 -1.188 44.986 8.361 271.8087
-12.500 -1.125 44.987 8.447 271.5070
-12.500 -1.063 44.989 8.533 271.3341
-12.500 -1.000 44.990 8.619 271.2281
-12.500 -0.938 44.991 8.706 271.1896
-12.500 -0.875 44.992 8.792 271.2609
-12.500 -0.813 44.993 8.878 271.3346
-12.500 -0.750 44.994 8.965 271.4308
-12.500 -0.688 44.995 9.051 271.6046
-12.500 -0.625 44.996 9.137 271.6261
-12.500 -0.563 44.997 9.223 271.5758
-12.500 -0.500 44.997 9.310 271.4342
-12.500 -0.438 44.998 9.396 271.3356
-12.500 -0.375 44.999 9.482 271.2423
-12.500 -0.313 44.999 9.569 271.1901
-12.500 -0.250 44.999 9.655 271.2023
-12.500 -0.188 45.000 9.741 271.1603
-12.500 -0.125 45.000 9.827 270.9244
-12.500 -0.063 45.000 9.914 270.4918
-12.500 0.000 45.000 10.000 269.9078
-12.500 0.063 45.000 10.086 269.2760
-12.500 0.125 45.000 10.173 268.7291
-12.500 0.188 45.000 10.259 268.3810
-12.500 0.250 44.999 10.345 268.3092
-12.500 0.313 44.999 10.431 268.5822
-12.500 0.375 44.999 10.518 269.0651
-12.500 0.438 44.998 10.604 269.6017
-12.500 0.500 44.997 10.690 269.9615
-12.500 0.563 44.997 10.777 270.0016
-12.500 0.625 44.996 10.863 269.8522
-12.500 0.688 44.995 10.949 269.9459
-12.500 0.750 44.994 11.035 270.1495
-12.500 0.813 44.993 11.122 270.3605
-12.500 0.875 44.992 11.208 270.5524
-12.500 0.938 44.991 11.294 270.6520
-12.500 1.000 44.990 11.381 270.8732
-12.500 1.063 44.989 11.467 270.7740
-12.438 -1.188 45.048 8.359 271.8463
-12.438 -1.125 45.050 8.445 271.5573
-12.438 -1.063 45.051 8.531 271.3756
-12.438 -1.000 45.052 8.618 271.2682
-12.438 -0.938 45.054 8.704 271.2477
-12.438 -0.875 45.055 8.790 271.2594
-12.438 -0.813 45.056 8.877 271.2789
-12.438 -0.750 45.057 8.963 271.3707
-12.438 -0.688 45.058 9.050 271.5416
-12.438 -0.625 45.059 9.136 271.6447
-12.438 -0.563 45.059 9.222 271.5162
-12.438 -0.500 45.060 9.309 271.3024
-12.438 -0.438 45.061 9.395 271.2345
-12.438 -0.375 45.061 9.482 271.2487
-12.438 -0.313 45.062 9.568 271.5050
-12.438 -0.250 45.062 9.654 271.7096
-12.438 -0.188 45.062 9.741 271.6564
-12.438 -0.125 45.062 9.827 271.1813
-12.438 -0.063 45.062 9.914 270.7848
-12.438 0.000 45.062 10.000 270.1344
-12.438 0.063 45.062 10.086 269.4611
-12.438 0.125 45.062 10.173 268.9332
-12.438 0.188 45.062 10.259 268.6061
-12.438 0.250 45.062 10.346 268.5402
-12.438 0.313 45.062 10.432 268.7296
-12.438 0.375 45.061 10.518 269.0983
-12.438 0.438 45.061 10.605 269.5138
-12.438 0.500 45.060 10.691 269.8536
-12.438 0.563 45.059 10.778 269.8019
-12.438 0.625 45.059 10.864 269.7472
-12.438 0.688 45.058 10.950 269.9464
-12.438 0.750 45.057 11.037 270.1735
-12.438 0.813 45.056 11.123 270.4655
-12.438 0.875 45.055 11.210 270.5670
-12.438 0.938 45.054 11.296 270.9044
-12.438 1.000 45.052 11.382 271.0035
-12.438 1.063 45.051 11.469 270.9464
-12.375 -1.188 45.111 8.356 271.8043
-12.375 -1.125 45.112 8.443 271.5421
-12.375 -1.063 45.113 8.529 271.3849
-12.375 -1.000 45.115 8.616 271.3463
-12.375 -0.938 45.116 8.702 271.3575
-12.375 -0.875 45.117 8.789 271.3282
-12.375 -0.813 45.118 8.875 271.2892
-12.375 -0.750 45.119 8.962 271.2618
-12.375 -0.688 45.120 9.048 271.2452
-12.375 -0.625 45.121 9.135 271.1041
-12.375 -0.563 45.122 9.221 271.0104
-12.375 -0.500 45.122 9.308 270.9816
-12.375 -0.438 45.123 9.394 271.1329
-12.375 -0.375 45.124 9.481 271.4552
-12.375 -0.313 45.124 9.567 271.8668
-12.375 -0.250 45.124 9.654 272.1105
-12.375 -0.188 45.125 9.740 271.9991
-12.375 -0.125 45.125 9.827 271.6808
-12.375 -0.063 45.125 9.913 271.1740
-12.375 0.000 45.125 10.000 270.5436
-12.375 0.063 45.125 10.087 269.8907
-12.375 0.125 45.125 10.173 269.3478
-12.375 0.188 45.125 10.260 268.9615
-12.375 0.250 45.124 10.346 268.7770
-12.375 0.313 45.124 10.433 268.8175
-12.375 0.375 45.124 10.519 269.0612
-12.375 0.438 45.123 10.606 269.4269
-12.375 0.500 45.122 10.692 269.6603
-12.375 0.563 45.122 10.779 269.4928
-12.375 0.625 45.121 10.865 269.6407
-12.375 0.688 45.120 10.952 269.9830
-12.375 0.750 45.119 11.038 270.3673
-12.375 0.813 45.118 11.125 270.7242
-12.375 0.875 45.117 11.211 271.0094
-12.375 0.938 45.116 11.298 271.1173
-12.375 1.000 45.115 11.384 271.2535
-12.375 1.063 45.113 11.471 271.2775
-12.313 -1.188 45.173 8.354 271.7872
-12.313 -1.125 45.175 8.441 271.5748
-12.313 -1.063 45.176 8.527 271.4308
-12.313 -1.000 45.177 8.614 271.3488
-12.313 -0.938 45.179 8.701 271.2902
-12.313 -0.875 45.180 8.787 271.1632
-12.313 -0.813 45.181 8.874 271.0641
-12.313 -0.750 45.182 8.960 270.9083
-12.313 -0.688 45.183 9.047 270.7994
-12.313 -0.625 45.184 9.134 270.8248
-12.313 -0.563 45.184 9.220 270.9635
-12.313 -0.500 45.185 9.307 271.1705
-12.313 -0.438 45.186 9.394 271.4010
-12.313 -0.375 45.186 9.480 271.7389
-12.313 -0.313 45.187 9.567 272.1285
-12.313 -0.250 45.187 9.653 272.3131
-12.313 -0.188 45.187 9.740 272.1481
-12.313 -0.125 45.187 9.827 271.8839
-12.313 -0.063 45.187 9.913 271.5035
-12.313 0.000 45.188 10.000 271.0177
-12.313 0.063 45.187 10.087 270.4220
-12.313 0.125 45.187 10.173 269.8981
-12.313 0.188 45.187 10.260 269.4786
-12.313 0.250 45.187 10.347 269.1740
-12.313 0.313 45.187 10.433 269.0226
-12.313 0.375 45.186 10.520 269.1290
-12.313 0.438 45.186 10.606 269.4235
-12.313 0.500 45.185 10.693 269.4288
-12.313 0.563 45.184 10.780 269.3566
-12.313 0.625 45.184 10.866 269.7325
-12.313 0.688 45.183 10.953 270.2223
-12.313 0.750 45.182 11.040 270.7067
-12.313 0.813 45.181 11.126 271.1222
-12.313 0.875 45.180 11.213 271.3190
-12.313 0.938 45.179 11.299 271.4103
-12.313 1.000 45.177 11.386 271.7140
-12.313 1.063 45.176 11.473 271.8151
-12.250 -1.188 45.236 8.352 271.9718
-12.250 -1.125 45.237 8.439 271.6056
-12.250 -1.063 45.238 8.525 271.3073
-12.250 -1.000 45.240 8.612 271.1398
-12.250 -0.938 45.241 8.699 271.0529
-12.250 -0.875 45.242 8.786 271.0299
-12.250 -0.813 45.243 8.872 271.0143
-12.250 -0.750 45.244 8.959 270.4347
-12.250 -0.688 45.245 9.046 270.7965
-12.250 -0.625 45.246 9.132 270.9401
-12.250 -0.563 45.247 9.219 271.0885
-12.250 -0.500 45.247 9.306 271.3356
-12.250 -0.438 45.248 9.393 271.6344
-12.250 -0.375 45.249 9.479 271.9840
-12.250 -0.313 45.249 9.566 272.2150
-12.250 -0.250 45.249 9.653 272.2130
-12.250 -0.188 45.250 9.740 272.0748
-12.250 -0.125 45.250 9.826 271.9098
-12.250 -0.063 45.250 9.913 271.6715
-12.250 0.000 45.250 10.000 271.4357
-12.250 0.063 45.250 10.087 271.0372
-12.250 0.125 45.250 10.174 270.5480
-12.250 0.188 45.250 10.260 270.0929
-12.250 0.250 45.249 10.347 269.7120
-12.250 0.313 45.249 10.434 269.4625
-12.250 0.375 45.249 10.521 269.4635
-12.250 0.438 45.248 10.607 269.6212
-12.250 0.500 45.247 10.694 269.5250
-12.250 0.563 45.247 10.781 269.6134
-12.250 0.625 45.246 10.868 270.1715
-12.250 0.688 45.245 10.954 270.7345
-12.250 0.750 45.244 11.041 271.2218
-12.250 0.813 45.243 11.128 271.6227
-12.250 0.875 45.242 11.214 271.8649
-12.250 0.938 45.241 11.301 271.9772
-12.250 1.000 45.240 11.388 272.0558
-12.250 1.063 45.238 11.475 272.2433
-12.188 -1.188 45.298 8.350 272.1310
-12.188 -1.125 45.300 8.437 271.6681
-12.188 -1.063 45.301 8.523 271.4088
-12.188 -1.000 45.302 8.610 271.2726
-12.188 -0.938 45.304 8.697 271.2228
-12.188 -0.875 45.305 8.784 271.1993
-12.188 -0.813 45.306 8.871 271.1320
-12.188 -0.750 45.307 8.958 270.7394
-12.188 -0.688 45.308 9.044 271.0304
-12.188 -0.625 45.309 9.131 271.0792
-12.188 -0.563 45.309 9.218 271.2433
-12.188 -0.500 45.310 9.305 271.4811
-12.188 -0.438 45.311 9.392 271.7633
-12.188 -0.375 45.311 9.479 271.9757
-12.188 -0.313 45.312 9.566 271.9586
-12.188 -0.250 45.312 9.653 271.9977
-12.188 -0.188 45.312 9.739 272.1002
-12.188 -0.125 45.312 9.826 272.0992
-12.188 -0.063 45.312 9.913 271.9493
-12.188 0.000 45.313 10.000 271.7765
-12.188 0.063 45.312 10.087 271.5724
-12.188 0.125 45.312 10.174 271.2198
-12.188 0.188 45.312 10.261 270.7872
-12.188 0.250 45.312 10.347 270.3932
-12.188 0.313 45.312 10.434 270.1676
-12.188 0.375 45.311 10.521 270.1090
-12.188 0.438 45.311 10.608 270.0812
-12.188 0.500 45.310 10.695 269.9308
-12.188 0.563 45.309 10.782 270.1818
-12.188 0.625 45.309 10.869 270.8278
-12.188 0.688 45.308 10.956 271.3947
-12.188 0.750 45.307 11.042 271.8063
-12.188 0.813 45.306 11.129 272.0763
-12.188 0.875 45.305 11.216 272.2584
-12.188 0.938 45.304 11.303 272.2789
-12.188 1.000 45.302 11.390 272.2296
-12.188 1.063 45.301 11.477 272.3370
-12.125 -1.188 45.361 8.348 272.3951
-12.125 -1.125 45.362 8.434 272.0055
-12.125 -1.063 45.363 8.521 271.6954
-12.125 -1.000 45.365 8.608 271.5660
-12.125 -0.938 45.366 8.695 271.4816
-12.125 -0.875 45.367 8.782 271.4489
-12.125 -0.813 45.368 8.869 270.8702
-12.125 -0.750 45.369 8.956 271.2428
-12.125 -0.688 45.370 9.043 271.2120
-12.125 -0.625 45.371 9.130 271.3346
-12.125 -0.563 45.372 9.217 271.4825
-12.125 -0.500 45.372 9.304 271.5763
-12.125 -0.438 45.373 9.391 271.7106
-12.125 -0.375 45.374 9.478 271.7076
-12.125 -0.313 45.374 9.565 271.6451
-12.125 -0.250 45.374 9.652 271.9034
-12.125 -0.188 45.375 9.739 272.1437
-12.125 -0.125 45.375 9.826 272.2721
-12.125 -0.063 45.375 9.913 272.2574
-12.125 0.000 45.375 10.000 272.1305
-12.125 0.063 45.375 10.087 271.9498
-12.125 0.125 45.375 10.174 271.7404
-12.125 0.188 45.375 10.261 271.5192
-12.125 0.250 45.374 10.348 271.2262
-12.125 0.313 45.374 10.435 270.9645
-12.125 0.375 45.374 10.522 270.7804
-12.125 0.438 45.373 10.609 270.6598
-12.125 0.500 45.372 10.696 270.6539
-12.125 0.563 45.372 10.783 270.8917
-12.125 0.625 45.371 10.870 271.4664
-12.125 0.688 45.370 10.957 272.0201
-12.125 0.750 45.369 11.044 272.2794
-12.125 0.813 45.368 11.131 272.4171
-12.125 0.875 45.367 11.218 272.4415
-12.125 0.938 45.366 11.305 272.5197
-12.125 1.000 45.365 11.392 272.3556
-12.125 1.063 45.363 11.479 272.2281
-12.063 -1.188 45.423 8.345 272.7491
-12.063 -1.125 45.425 8.432 272.3859
-12.063 -1.063 45.426 8.519 272.1583
-12.063 -1.000 45.427 8.607 271.9020
-12.063 -0.938 45.428 8.694 271.8243
-12.063 -0.875 45.430 8.781 271.5499
-12.063 -0.813 45.431 8.868 271.5612
-12.063 -0.750 45.432 8.955 271.5631
-12.063 -0.688 45.433 9.042 271.6388
-12.063 -0.625 45.433 9.129 271.8317
-12.063 -0.563 45.434 9.216 271.8839
-12.063 -0.500 45.435 9.303 271.7726
-12.063 -0.438 45.436 9.390 271.6237
-12.063 -0.375 45.436 9.477 271.4054
-12.063 -0.313 45.436 9.564 271.5162
-12.063 -0.250 45.437 9.652 271.8561
-12.063 -0.188 45.437 9.739 272.1613
-12.063 -0.125 45.437 9.826 272.3322
-12.063 -0.063 45.437 9.913 272.3961
-12.063 0.000 45.438 10.000 272.3683
-12.063 0.063 45.437 10.087 272.3107
-12.063 0.125 45.437 10.174 272.3092
-12.063 0.188 45.437 10.261 272.3004
-12.063 0.250 45.437 10.348 272.1588
-12.063 0.313 45.436 10.436 271.8947
-12.063 0.375 45.436 10.523 271.7018
-12.063 0.438 45.436 10.610 271.6364
-12.063 0.500 45.435 10.697 271.7238
-12.063 0.563 45.434 10.784 271.8580
-12.063 0.625 45.433 10.871 272.1393
-12.063 0.688 45.433 10.958 272.4962
-12.063 0.750 45.432 11.045 272.6613
-12.063 0.813 45.431 11.132 272.6525
-12.063 0.875 45.430 11.219 272.5905
-12.063 0.938 45.428 11.306 272.5021
-12.063 1.000 45.427 11.393 272.4161
-12.063 1.063 45.426 11.481 271.9572
-12.000 -1.188 45.486 8.343 273.1637
-12.000 -1.125 45.487 8.430 272.7926
-12.000 -1.063 45.488 8.517 272.5294
-12.000 -1.000 45.490 8.605 272.2823
-12.000 -0.938 45.491 8.692 272.0895
-12.000 -0.875 45.492 8.779 271.4528
-12.000 -0.813 45.493 8.866 271.9464
-12.000 -0.750 45.494 8.953 271.9342
-12.000 -0.688 45.495 9.041 272.1271
-12.000 -0.625 45.496 9.128 272.3351
-12.000 -0.563 45.497 9.215 272.3141
-12.000 -0.500 45.497 9.302 272.0319
-12.000 -0.438 45.498 9.389 271.6617
-12.000 -0.375 45.499 9.477 271.4362
-12.000 -0.313 45.499 9.564 271.5343
-12.000 -0.250 45.499 9.651 271.8805
-12.000 -0.188 45.500 9.738 272.1246
-12.000 -0.125 45.500 9.826 272.2716
-12.000 -0.063 45.500 9.913 272.3185
-12.000 0.000 45.500 10.000 272.3907
-12.000 0.063 45.500 10.087 272.5563
-12.000 0.125 45.500 10.174 272.7238
-12.000 0.188 45.500 10.262 272.7272
-12.000 0.250 45.499 10.349 272.6837
-12.000 0.313 45.499 10.436 272.6881
-12.000 0.375 45.499 10.523 272.6266
-12.000 0.438 45.498 10.611 272.6349
-12.000 0.500 45.497 10.698 272.5709
-12.000 0.563 45.497 10.785 272.5109
-12.000 0.625 45.496 10.872 272.5128
-12.000 0.688 45.495 10.959 272.4674
-12.000 0.750 45.494 11.047 272.3922
-12.000 0.813 45.493 11.134 272.2692
-12.000 0.875 45.492 11.221 272.1808
-12.000 0.938 45.491 11.308 272.1959
-12.000 1.000 45.490 11.395 272.4337
-12.000 1.063 45.488 11.483 272.0211
-11.938 -1.188 45.548 8.341 273.4874
-11.938 -1.125 45.549 8.428 273.1036
-11.938 -1.063 45.551 8.515 272.6661
-11.938 -1.000 45.552 8.603 272.5758
-11.938 -0.938 45.553 8.690 272.1339
-11.938 -0.875 45.555 8.777 272.3453
-11.938 -0.813 45.556 8.865 272.2501
-11.938 -0.750 45.557 8.952 272.2233
-11.938 -0.688 45.558 9.039 272.4254
-11.938 -0.625 45.558 9.127 272.6012
-11.938 -0.563 45.559 9.214 272.5573
-11.938 -0.500 45.560 9.301 272.2296
-11.938 -0.438 45.561 9.389 271.8341
-11.938 -0.375 45.561 9.476 271.6534
-11.938 -0.313 45.561 9.563 271.7223
-11.938 -0.250 45.562 9.651 271.9132
-11.938 -0.188 45.562 9.738 272.0480
-11.938 -0.125 45.562 9.825 272.1227
-11.938 -0.063 45.562 9.913 272.1207
-11.938 0.000 45.563 10.000 272.1671
-11.938 0.063 45.562 10.087 272.4479
-11.938 0.125 45.562 10.175 272.6163
-11.938 0.188 45.562 10.262 272.2682
-11.938 0.250 45.562 10.349 272.2692
-11.938 0.313 45.561 10.437 272.7853
-11.938 0.375 45.561 10.524 273.2921
-11.938 0.438 45.561 10.611 273.2472
-11.938 0.500 45.560 10.699 272.9132
-11.938 0.563 45.559 10.786 272.5016
-11.938 0.625 45.558 10.873 272.0123
-11.938 0.688 45.558 10.961 271.6823
-11.938 0.750 45.557 11.048 271.2770
-11.938 0.813 45.556 11.135 271.1422
-11.938 0.875 45.555 11.223 271.4000
-11.938 0.938 45.553 11.310 271.9420
-11.938 1.000 45.552 11.397 272.4249
-11.938 1.063 45.551 11.485 272.1578
-11.875 -1.188 45.610 8.339 273.6046
-11.875 -1.125 45.612 8.426 273.3976
-11.875 -1.063 45.613 8.513 273.1061
-11.875 -1.000 45.615 8.601 272.8248
-11.875 -0.938 45.616 8.688 272.6901
-11.875 -0.875 45.617 8.776 272.6456
-11.875 -0.813 45.618 8.863 272.4874
-11.875 -0.750 45.619 8.951 272.4669
-11.875 -0.688 45.620 9.038 272.5704
-11.875 -0.625 45.621 9.125 272.6656
-11.875 -0.563 45.622 9.213 272.6246
-11.875 -0.500 45.622 9.300 272.3654
-11.875 -0.438 45.623 9.388 272.0367
-11.875 -0.375 45.624 9.475 271.9215
-11.875 -0.313 45.624 9.563 271.9777
-11.875 -0.250 45.624 9.650 272.0358
-11.875 -0.188 45.625 9.738 272.0270
-11.875 -0.125 45.625 9.825 271.9454
-11.875 -0.063 45.625 9.913 271.8229
-11.875 0.000 45.625 10.000 271.7877
-11.875 0.063 45.625 10.087 271.8312
-11.875 0.125 45.625 10.175 271.9127
-11.875 0.188 45.625 10.262 271.6705
-11.875 0.250 45.624 10.350 271.7477
-11.875 0.313 45.624 10.437 272.0831
-11.875 0.375 45.624 10.525 272.7213
-11.875 0.438 45.623 10.612 273.3273
-11.875 0.500 45.622 10.700 272.5309
-11.875 0.563 45.622 10.787 271.7228
-11.875 0.625 45.621 10.875 271.1432
-11.875 0.688 45.620 10.962 270.7653
-11.875 0.750 45.619 11.049 270.3170
-11.875 0.813 45.618 11.137 270.2428
-11.875 0.875 45.617 11.224 270.9542
-11.875 0.938 45.616 11.312 271.6735
-11.875 1.000 45.615 11.399 272.0602
-11.875 1.063 45.613 11.487 272.1266
-11.813 -1.188 45.673 8.336 273.7985
-11.813 -1.125 45.674 8.424 273.7794
-11.813 -1.063 45.676 8.511 273.3038
-11.813 -1.000 45.677 8.599 273.1823
-11.813 -0.938 45.678 8.687 273.0265
-11.813 -0.875 45.680 8.774 272.9220
-11.813 -0.813 45.681 8.862 272.7916
-11.813 -0.750 45.682 8.949 272.6310
-11.813 -0.688 45.683 9.037 272.6803
-11.813 -0.625 45.683 9.124 272.7452
-11.813 -0.563 45.684 9.212 272.6642
-11.813 -0.500 45.685 9.299 272.4796
-11.813 -0.438 45.686 9.387 272.2697
-11.813 -0.375 45.686 9.475 272.2062
-11.813 -0.313 45.686 9.562 272.2125
-11.813 -0.250 45.687 9.650 272.1193
-11.813 -0.188 45.687 9.737 272.0402
-11.813 -0.125 45.687 9.825 271.6530
-11.813 -0.063 45.687 9.912 271.3737
-11.813 0.000 45.687 10.000 271.3771
-11.813 0.063 45.687 10.088 271.2550
-11.813 0.125 45.687 10.175 271.1886
-11.813 0.188 45.687 10.263 271.2726
-11.813 0.250 45.687 10.350 271.5211
-11.813 0.313 45.686 10.438 271.6266
-11.813 0.375 45.686 10.525 271.8063
-11.813 0.438 45.686 10.613 272.2443
-11.813 0.500 45.685 10.701 272.8629
-11.813 0.563 45.684 10.788 271.4308
-11.813 0.625 45.683 10.876 270.7340
-11.813 0.688 45.683 10.963 270.1149
-11.813 0.750 45.682 11.051 269.1569
-11.813 0.813 45.681 11.138 269.0118
-11.813 0.875 45.680 11.226 270.7096
-11.813 0.938 45.678 11.313 271.5006
-11.813 1.000 45.677 11.401 271.9684
-11.813 1.063 45.676 11.489 271.6027
-11.750 -1.188 45.735 8.334 274.1095
-11.750 -1.125 45.737 8.422 273.9083
-11.750 -1.063 45.738 8.509 273.6115
-11.750 -1.000 45.740 8.597 273.5387
-11.750 -0.938 45.741 8.685 273.4913
-11.750 -0.875 45.742 8.772 273.1398
-11.750 -0.813 45.743 8.860 272.9161
-11.750 -0.750 45.744 8.948 272.7042
-11.750 -0.688 45.745 9.035 272.8619
-11.750 -0.625 45.746 9.123 272.7296
-11.750 -0.563 45.747 9.211 272.6632
-11.750 -0.500 45.747 9.298 272.6344
-11.750 -0.438 45.748 9.386 272.3951
-11.750 -0.375 45.749 9.474 272.2438
-11.750 -0.313 45.749 9.562 272.0582
-11.750 -0.250 45.749 9.649 272.0455
-11.750 -0.188 45.750 9.737 271.9161
-11.750 -0.125 45.750 9.825 271.5695
-11.750 -0.063 45.750 9.912 271.3654
-11.750 0.000 45.750 10.000 271.4684
-11.750 0.063 45.750 10.088 271.4269
-11.750 0.125 45.750 10.175 271.1046
-11.750 0.188 45.750 10.263 270.8405
-11.750 0.250 45.749 10.351 271.1569
-11.750 0.313 45.749 10.438 271.3556
-11.750 0.375 45.749 10.526 271.0245
-11.750 0.438 45.748 10.614 271.1505
-11.750 0.500 45.747 10.702 271.5236
-11.750 0.563 45.747 10.789 272.1925
-11.750 0.625 45.746 10.877 271.3058
-11.750 0.688 45.745 10.965 270.6823
-11.750 0.750 45.744 11.052 269.6588
-11.750 0.813 45.743 11.140 269.0870
-11.750 0.875 45.742 11.228 270.4459
-11.750 0.938 45.741 11.315 271.2286
-11.750 1.000 45.740 11.403 271.2423
-11.750 1.063 45.738 11.491 270.5553
-11.688 -1.188 45.798 8.332 274.3571
-11.688 -1.125 45.799 8.420 274.2047
-11.688 -1.063 45.801 8.507 274.0084
-11.688 -1.000 45.802 8.595 273.9806
-11.688 -0.938 45.803 8.683 273.8131
-11.688 -0.875 45.805 8.771 273.3351
-11.688 -0.813 45.806 8.859 273.0411
-11.688 -0.750 45.807 8.946 272.9684
-11.688 -0.688 45.808 9.034 272.8815
-11.688 -0.625 45.808 9.122 272.6906
-11.688 -0.563 45.809 9.210 272.5616
-11.688 -0.500 45.810 9.298 272.6046
-11.688 -0.438 45.811 9.385 272.5636
-11.688 -0.375 45.811 9.473 272.3097
-11.688 -0.313 45.811 9.561 272.1788
-11.688 -0.250 45.812 9.649 272.1554
-11.688 -0.188 45.812 9.737 271.9850
-11.688 -0.125 45.812 9.824 271.8766
-11.688 -0.063 45.812 9.912 271.8585
-11.688 0.000 45.812 10.000 271.8468
-11.688 0.063 45.812 10.088 271.8854
-11.688 0.125 45.812 10.176 271.2780
-11.688 0.188 45.812 10.263 269.6998
-11.688 0.250 45.812 10.351 269.4098
-11.688 0.313 45.811 10.439 270.0426
-11.688 0.375 45.811 10.527 270.3365
-11.688 0.438 45.811 10.615 270.4054
-11.688 0.500 45.810 10.702 270.8820
-11.688 0.563 45.809 10.790 271.4196
-11.688 0.625 45.808 10.878 271.4767
-11.688 0.688 45.808 10.966 271.2277
-11.688 0.750 45.807 11.054 271.1393
-11.688 0.813 45.806 11.141 269.4264
-11.688 0.875 45.805 11.229 269.2540
-11.688 0.938 45.803 11.317 271.1075
-11.688 1.000 45.802 11.405 271.3693
-11.688 1.063 45.801 11.493 270.6862
-11.625 -1.188 45.860 8.330 273.5123
-11.625 -1.125 45.862 8.418 274.7999
-11.625 -1.063 45.863 8.505 274.5582
-11.625 -1.000 45.865 8.593 274.2902
-11.625 -0.938 45.866 8.681 274.0138
-11.625 -0.875 45.867 8.769 273.7789
-11.625 -0.813 45.868 8.857 273.7628
-11.625 -0.750 45.869 8.945 273.5880
-11.625 -0.688 45.870 9.033 273.2770
-11.625 -0.625 45.871 9.121 272.9972
-11.625 -0.563 45.872 9.209 273.0719
-11.625 -0.500 45.872 9.297 273.2111
-11.625 -0.438 45.873 9.385 273.1910
-11.625 -0.375 45.874 9.472 272.8058
-11.625 -0.313 45.874 9.560 272.7574
-11.625 -0.250 45.874 9.648 272.7291
-11.625 -0.188 45.875 9.736 272.3473
-11.625 -0.125 45.875 9.824 272.0729
-11.625 -0.063 45.875 9.912 272.2418
-11.625 0.000 45.875 10.000 272.2067
-11.625 0.063 45.875 10.088 272.1676
-11.625 0.125 45.875 10.176 271.9972
-11.625 0.188 45.875 10.264 270.5714
-11.625 0.250 45.874 10.352 268.0568
-11.625 0.313 45.874 10.440 267.9498
-11.625 0.375 45.874 10.528 269.0206
-11.625 0.438 45.873 10.615 269.9318
-11.625 0.500 45.872 10.703 269.7340
-11.625 0.563 45.872 10.791 270.1461
-11.625 0.625 45.871 10.879 270.8175
-11.625 0.688 45.870 10.967 271.3361
-11.625 0.750 45.869 11.055 271.8458
-11.625 0.813 45.868 11.143 270.0856
-11.625 0.875 45.867 11.231 269.3702
-11.625 0.938 45.866 11.319 270.0167
-11.625 1.000 45.865 11.407 269.9435
-11.625 1.063 45.863 11.495 269.0016
-11.563 -1.188 45.923 8.327 272.5265
-11.563 -1.125 45.924 8.415 275.4220
-11.563 -1.063 45.926 8.503 274.4425
-11.563 -1.000 45.927 8.591 273.3580
-11.563 -0.938 45.928 8.679 273.8121
-11.563 -0.875 45.930 8.767 274.1740
-11.563 -0.813 45.931 8.855 274.4366
-11.563 -0.750 45.932 8.944 274.3024
-11.563 -0.688 45.933 9.032 274.1105
-11.563 -0.625 45.933 9.120 274.0538
-11.563 -0.563 45.934 9.208 274.2174
-11.563 -0.500 45.935 9.296 273.8448
-11.563 -0.438 45.936 9.384 272.5392
-11.563 -0.375 45.936 9.472 270.7418
-11.563 -0.313 45.936 9.560 271.3473
-11.563 -0.250 45.937 9.648 271.3473
-11.563 -0.188 45.937 9.736 271.0104
-11.563 -0.125 45.937 9.824 267.5109
-11.563 -0.063 45.937 9.912 270.8658
-11.563 0.000 45.938 10.000 270.9796
-11.563 0.063 45.937 10.088 271.0118
-11.563 0.125 45.937 10.176 271.8986
-11.563 0.188 45.937 10.264 272.0865
-11.563 0.250 45.937 10.352 269.1364
-11.563 0.313 45.936 10.440 266.9952
-11.563 0.375 45.936 10.528 267.3727
-11.563 0.438 45.936 10.616 269.0529
-11.563 0.500 45.935 10.704 268.9996
-11.563 0.563 45.934 10.792 269.5309
-11.563 0.625 45.933 10.880 270.0968
-11.563 0.688 45.933 10.968 271.1915
-11.563 0.750 45.932 11.056 271.7184
-11.563 0.813 45.931 11.145 270.4972
-11.563 0.875 45.930 11.233 270.2726
-11.563 0.938 45.928 11.321 270.3019
-11.563 1.000 45.927 11.409 268.5245
-11.563 1.063 45.926 11.497 267.3361
-11.500 -1.188 45.985 8.325 274.8146
-11.500 -1.125 45.987 8.413 275.1720
-11.500 -1.063 45.988 8.501 274.6915
-11.500 -1.000 45.990 8.590 274.4386
-11.500 -0.938 45.991 8.678 273.7516
-11.500 -0.875 45.992 8.766 274.3185
-11.500 -0.813 45.993 8.854 274.5118
-11.500 -0.750 45.994 8.942 274.8165
-11.500 -0.688 45.995 9.030 274.7985
-11.500 -0.625 45.996 9.118 274.8141
-11.500 -0.563 45.997 9.207 275.4200
-11.500 -0.500 45.997 9.295 274.9210
-11.500 -0.438 45.998 9.383 271.5914
-11.500 -0.375 45.999 9.471 270.2701
-11.500 -0.313 45.999 9.559 270.0817
-11.500 -0.250 45.999 9.647 270.3473
-11.500 -0.188 46.000 9.736 268.8346
-11.500 -0.125 46.000 9.824 266.5729
-11.500 -0.063 46.000 9.912 267.6012
-11.500 0.000 46.000 10.000 267.8527
-11.500 0.063 46.000 10.088 267.6744
-11.500 0.125 46.000 10.176 264.9552
-11.500 0.188 46.000 10.264 271.1183
-11.500 0.250 45.999 10.353 271.0958
-11.500 0.313 45.999 10.441 264.8405
-11.500 0.375 45.999 10.529 266.4659
-11.500 0.438 45.998 10.617 263.7892
-11.500 0.500 45.997 10.705 264.2462
-11.500 0.563 45.997 10.793 269.5099
-11.500 0.625 45.996 10.882 269.9572
-11.500 0.688 45.995 10.970 271.0763
-11.500 0.750 45.994 11.058 271.2721
-11.500 0.813 45.993 11.146 271.0035
-11.500 0.875 45.992 11.234 271.3043
-11.500 0.938 45.991 11.322 270.7990
-11.500 1.000 45.990 11.410 269.2736
-11.500 1.063 45.988 11.499 268.1779
-11.438 -1.188 46.048 8.323 274.6281
-11.438 -1.125 46.049 8.411 271.1969
-11.438 -1.063 46.051 8.499 270.4513
-11.438 -1.000 46.052 8.588 273.9044
-11.438 -0.938 46.053 8.676 274.8492
-11.438 -0.875 46.055 8.764 274.8180
-11.438 -0.813 46.056 8.852 274.8658
-11.438 -0.750 46.057 8.941 275.2360
-11.438 -0.688 46.058 9.029 274.1940
-11.438 -0.625 46.058 9.117 271.6881
-11.438 -0.563 46.059 9.205 274.6857
-11.438 -0.500 46.060 9.294 275.9015
-11.438 -0.438 46.061 9.382 273.6847
-11.438 -0.375 46.061 9.470 268.6681
-11.438 -0.313 46.061 9.559 266.9318
-11.438 -0.250 46.062 9.647 266.7853
-11.438 -0.188 46.062 9.735 264.7194
-11.438 -0.125 46.062 9.823 262.3107
-11.438 -0.063 46.062 9.912 261.5680
-11.438 0.000 46.062 10.000 262.3268
-11.438 0.063 46.062 10.088 264.8048
-11.438 0.125 46.062 10.177 265.3727
-11.438 0.188 46.062 10.265 269.7242
-11.438 0.250 46.062 10.353 270.7594
-11.438 0.313 46.061 10.441 264.3859
-11.438 0.375 46.061 10.530 262.7960
-11.438 0.438 46.061 10.618 260.7150
-11.438 0.500 46.060 10.706 262.4498
-11.438 0.563 46.059 10.795 269.2643
-11.438 0.625 46.058 10.883 269.9806
-11.438 0.688 46.058 10.971 270.5953
-11.438 0.750 46.057 11.059 271.0070
-11.438 0.813 46.056 11.148 271.4674
-11.438 0.875 46.055 11.236 271.4791
-11.438 0.938 46.053 11.324 270.2477
-11.438 1.000 46.052 11.412 269.8160
-11.375 -1.188 46.110 8.321 273.9757
-11.375 -1.125 46.112 8.409 271.6964
-11.375 -1.063 46.113 8.497 271.1764
-11.375 -1.000 46.115 8.586 270.7203
-11.375 -0.938 46.116 8.674 274.5909
-11.375 -0.875 46.117 8.762 274.6740
-11.375 -0.813 46.118 8.851 275.5743
-11.375 -0.750 46.119 8.939 275.5011
-11.375 -0.688 46.120 9.028 272.4498
-11.375 -0.625 46.121 9.116 270.7384
-11.375 -0.563 46.122 9.204 271.7184
-11.375 -0.500 46.122 9.293 274.9000
-11.375 -0.438 46.123 9.381 275.0563
-11.375 -0.375 46.124 9.470 273.3390
-11.375 -0.313 46.124 9.558 272.1998
-11.375 -0.250 46.124 9.646 272.3136
-11.375 -0.188 46.125 9.735 271.5348
-11.375 -0.125 46.125 9.823 265.5099
-11.375 -0.063 46.125 9.912 264.6505
-11.375 0.000 46.125 10.000 265.2091
-11.375 0.063 46.125 10.088 264.0548
-11.375 0.125 46.125 10.177 263.2990
-11.375 0.188 46.125 10.265 268.9347
-11.375 0.250 46.124 10.354 270.6154
-11.375 0.313 46.124 10.442 266.2150
-11.375 0.375 46.124 10.530 260.4152
-11.375 0.438 46.123 10.619 261.5406
-11.375 0.500 46.122 10.707 261.8805
-11.375 0.563 46.122 10.796 263.8751
-11.375 0.625 46.121 10.884 263.0846
-11.375 0.688 46.120 10.972 268.4791
-11.375 0.750 46.119 11.061 271.1383
-11.375 0.813 46.118 11.149 272.3512
-11.375 0.875 46.117 11.238 271.4352
-11.375 0.938 46.116 11.326 269.8380
-11.375 1.000 46.115 11.414 268.9865
-11.313 -1.188 46.173 8.318 272.7550
-11.313 -1.125 46.174 8.407 271.0905
-11.313 -1.063 46.176 8.495 270.0280
-11.313 -1.000 46.177 8.584 271.6818
-11.313 -0.938 46.178 8.672 273.9996
-11.313 -0.875 46.180 8.761 275.4357
-11.313 -0.813 46.181 8.849 275.2745
-11.313 -0.750 46.182 8.938 274.7794
-11.313 -0.688 46.183 9.026 273.5490
-11.313 -0.625 46.183 9.115 268.3024
-11.313 -0.563 46.184 9.203 270.5914
-11.313 -0.500 46.185 9.292 271.9445
-11.313 -0.438 46.186 9.380 274.9542
-11.313 -0.375 46.186 9.469 273.4865
-11.313 -0.313 46.186 9.557 271.7203
-11.313 -0.250 46.187 9.646 271.3615
-11.313 -0.188 46.187 9.734 271.6725
-11.313 -0.125 46.187 9.823 271.1813
-11.313 -0.063 46.187 9.911 270.4205
-11.313 0.000 46.187 10.000 270.1827
-11.313 0.063 46.187 10.089 270.3102
-11.313 0.125 46.187 10.177 267.8024
-11.313 0.188 46.187 10.266 270.3444
-11.313 0.250 46.187 10.354 269.6139
-11.313 0.313 46.186 10.443 265.7618
-11.313 0.375 46.186 10.531 260.1290
-11.313 0.438 46.186 10.620 263.1495
-11.313 0.500 46.185 10.708 262.2882
-11.313 0.563 46.184 10.797 262.2750
-11.313 0.625 46.183 10.885 262.9630
-11.313 0.688 46.183 10.974 266.5167
-11.313 0.750 46.182 11.062 271.1974
-11.313 0.813 46.181 11.151 272.8395
-11.313 0.875 46.180 11.239 271.6583
-11.313 0.938 46.178 11.328 269.4484
-11.313 1.000 46.177 11.416 267.1989
-11.250 -1.188 46.235 8.316 271.9581
-11.250 -1.125 46.237 8.405 269.9948
-11.250 -1.063 46.238 8.493 268.1051
-11.250 -1.000 46.240 8.582 270.1901
-11.250 -0.938 46.241 8.670 272.9811
-11.250 -0.875 46.242 8.759 273.0787
-11.250 -0.813 46.243 8.848 271.7203
-11.250 -0.750 46.244 8.936 271.8844
-11.250 -0.688 46.245 9.025 273.9240
-11.250 -0.625 46.246 9.114 270.1110
-11.250 -0.563 46.247 9.202 269.9542
-11.250 -0.500 46.247 9.291 270.7428
-11.250 -0.438 46.248 9.380 273.4064
-11.250 -0.375 46.249 9.468 272.5045
-11.250 -0.313 46.249 9.557 267.6002
-11.250 -0.250 46.249 9.645 266.0826
-11.250 -0.188 46.250 9.734 266.8468
-11.250 -0.125 46.250 9.823 265.2174
-11.250 -0.063 46.250 9.911 264.7814
-11.250 0.000 46.250 10.000 264.2296
-11.250 0.063 46.250 10.089 264.9083
-11.250 0.125 46.250 10.177 270.5240
-11.250 0.188 46.250 10.266 270.4547
-11.250 0.250 46.249 10.355 268.5685
-11.250 0.313 46.249 10.443 266.3663
-11.250 0.375 46.249 10.532 261.7999
-11.250 0.438 46.248 10.620 264.3810
-11.250 0.500 46.247 10.709 264.5773
-11.250 0.563 46.247 10.798 261.9532
-11.250 0.625 46.246 10.886 261.7667
-11.250 0.688 46.245 10.975 263.7028
-11.250 0.750 46.244 11.064 271.1725
-11.250 0.813 46.243 11.152 272.8776
-11.250 0.875 46.242 11.241 271.9205
-11.250 0.938 46.241 11.330 270.0431
-11.250 1.000 46.240 11.418 268.3058
-11.188 -1.188 46.298 8.314 268.8512
-11.188 -1.125 46.299 8.403 268.2208
-11.188 -1.063 46.301 8.491 267.7745
-11.188 -1.000 46.302 8.580 269.9689
-11.188 -0.938 46.303 8.669 271.2614
-11.188 -0.875 46.304 8.757 270.2648
-11.188 -0.813 46.306 8.846 269.7247
-11.188 -0.750 46.307 8.935 272.0939
-11.188 -0.688 46.308 9.024 272.6481
-11.188 -0.625 46.308 9.112 268.1168
-11.188 -0.563 46.309 9.201 269.1344
-11.188 -0.500 46.310 9.290 269.2311
-11.188 -0.438 46.310 9.379 271.6149
-11.188 -0.375 46.311 9.467 270.9034
-11.188 -0.313 46.311 9.556 267.1559
-11.188 -0.250 46.312 9.645 264.7169
-11.188 -0.188 46.312 9.734 264.4869
-11.188 -0.125 46.312 9.822 263.7789
-11.188 -0.063 46.312 9.911 263.2355
-11.188 0.000 46.312 10.000 263.7291
-11.188 0.063 46.312 10.089 265.4830
-11.188 0.125 46.312 10.178 266.3136
-11.188 0.188 46.312 10.266 267.7091
-11.188 0.250 46.312 10.355 267.8986
-11.188 0.313 46.311 10.444 265.5607
-11.188 0.375 46.311 10.533 263.2389
-11.188 0.438 46.310 10.621 264.1178
-11.188 0.500 46.310 10.710 264.9489
-11.188 0.563 46.309 10.799 262.8395
-11.188 0.625 46.308 10.888 263.2443
-11.188 0.688 46.308 10.976 270.0519
-11.188 0.750 46.307 11.065 271.4645
-11.188 0.813 46.306 11.154 272.2301
-11.188 0.875 46.304 11.243 271.8390
-11.188 0.938 46.303 11.331 270.4357
-11.188 1.000 46.302 11.420 268.1139
-11.125 -1.188 46.360 8.312 264.6686
-11.125 -1.125 46.362 8.400 265.4318
-11.125 -1.063 46.363 8.489 267.4850
-11.125 -1.000 46.365 8.578 269.7238
-11.125 -0.938 46.366 8.667 269.8297
-11.125 -0.875 46.367 8.756 269.3156
-11.125 -0.813 46.368 8.845 270.8014
-11.125 -0.750 46.369 8.933 272.4049
-11.125 -0.688 46.370 9.022 271.5856
-11.125 -0.625 46.371 9.111 268.7296
-11.125 -0.563 46.372 9.200 267.9996
-11.125 -0.500 46.372 9.289 268.5192
-11.125 -0.438 46.373 9.378 268.6964
-11.125 -0.375 46.374 9.467 266.8961
-11.125 -0.313 46.374 9.556 266.1315
-11.125 -0.250 46.374 9.644 266.1573
-11.125 -0.188 46.375 9.733 265.0934
-11.125 -0.125 46.375 9.822 262.8619
-11.125 -0.063 46.375 9.911 262.2936
-11.125 0.000 46.375 10.000 263.8512
-11.125 0.063 46.375 10.089 264.3790
-11.125 0.125 46.375 10.178 263.8658
-11.125 0.188 46.375 10.267 265.1715
-11.125 0.250 46.374 10.356 267.0123
-11.125 0.313 46.374 10.444 265.0406
-11.125 0.375 46.374 10.533 261.3781
-11.125 0.438 46.373 10.622 262.4371
-11.125 0.500 46.372 10.711 261.5836
-11.125 0.563 46.372 10.800 262.1359
-11.125 0.625 46.371 10.889 263.6139
-11.125 0.688 46.370 10.978 270.3370
-11.125 0.750 46.369 11.067 271.3756
-11.125 0.813 46.368 11.155 271.4967
-11.125 0.875 46.367 11.244 271.5909
-11.125 0.938 46.366 11.333 270.7672
-11.125 1.000 46.365 11.422 267.9948
-11.063 -1.188 46.423 8.309 264.6398
-11.063 -1.125 46.424 8.398 265.0582
-11.063 -1.063 46.426 8.487 266.8473
-11.063 -1.000 46.427 8.576 268.2809
-11.063 -0.938 46.428 8.665 268.4752
-11.063 -0.875 46.429 8.754 269.1305
-11.063 -0.813 46.431 8.843 272.0646
-11.063 -0.750 46.432 8.932 273.1656
-11.063 -0.688 46.433 9.021 269.9611
-11.063 -0.625 46.433 9.110 266.2819
-11.063 -0.563 46.434 9.199 266.5958
-11.063 -0.500 46.435 9.288 267.2897
-11.063 -0.438 46.435 9.377 266.3556
-11.063 -0.375 46.436 9.466 265.1945
-11.063 -0.313 46.436 9.555 265.3385
-11.063 -0.250 46.437 9.644 266.0201
-11.063 -0.188 46.437 9.733 266.0079
-11.063 -0.125 46.437 9.822 264.6202
-11.063 -0.063 46.437 9.911 263.8307
-11.063 0.000 46.437 10.000 264.3615
-11.063 0.063 46.437 10.089 263.9264
-11.063 0.125 46.437 10.178 263.8014
-11.063 0.188 46.437 10.267 264.8517
-11.063 0.250 46.437 10.356 266.5997
-11.063 0.313 46.436 10.445 265.0607
-11.063 0.375 46.436 10.534 260.8566
-11.063 0.438 46.435 10.623 260.0885
-11.063 0.500 46.435 10.712 261.6134
-11.063 0.563 46.434 10.801 263.1041
-11.063 0.625 46.433 10.890 262.4342
-11.063 0.688 46.433 10.979 266.1588
-11.063 0.750 46.432 11.068 270.7150
-11.063 0.813 46.431 11.157 270.7057
-11.063 0.875 46.429 11.246 271.6246
-11.063 0.938 46.428 11.335 271.7218
-11.063 1.000 46.427 11.424 269.1383
-11.000 -1.188 46.485 8.307 266.2365
-11.000 -1.125 46.487 8.396 265.8273
-11.000 -1.063 46.488 8.485 265.8102
-11.000 -1.000 46.490 8.574 267.3390
-11.000 -0.938 46.491 8.663 268.2135
-11.000 -0.875 46.492 8.752 268.8966
-11.000 -0.813 46.493 8.841 270.1227
-11.000 -0.750 46.494 8.931 269.9923
-11.000 -0.688 46.495 9.020 267.0822
-11.000 -0.625 46.496 9.109 265.2506
-11.000 -0.563 46.497 9.198 266.1046
-11.000 -0.500 46.497 9.287 267.0909
-11.000 -0.438 46.498 9.376 266.5826
-11.000 -0.375 46.499 9.465 265.6783
-11.000 -0.313 46.499 9.554 265.4796
-11.000 -0.250 46.499 9.643 265.2081
-11.000 -0.188 46.500 9.733 265.2496
-11.000 -0.125 46.500 9.822 266.0289
-11.000 -0.063 46.500 9.911 266.2755
-11.000 0.000 46.500 10.000 264.8903
-11.000 0.063 46.500 10.089 263.7999
-11.000 0.125 46.500 10.178 264.6075
-11.000 0.188 46.500 10.267 265.6613
-11.000 0.250 46.499 10.357 266.1700
-11.000 0.313 46.499 10.446 264.9703
-11.000 0.375 46.499 10.535 262.3453
-11.000 0.438 46.498 10.624 261.4366
-11.000 0.500 46.497 10.713 261.6510
-11.000 0.563 46.497 10.802 262.4083
-11.000 0.625 46.496 10.891 264.3307
-11.000 0.688 46.495 10.980 265.8956
-11.000 0.750 46.494 11.069 267.8658
-11.000 0.813 46.493 11.159 270.2921
-11.000 0.875 46.492 11.248 271.9991
-11.000 0.938 46.491 11.337 272.4679
-11.000 1.000 46.490 11.426 270.9655
-10.938 -1.188 46.548 8.305 266.0446
-10.938 -1.125 46.549 8.394 266.0792
-10.938 -1.063 46.551 8.483 265.6671
-10.938 -1.000 46.552 8.572 267.3073
-10.938 -0.938 46.553 8.661 267.9850
-10.938 -0.875 46.554 8.751 267.4371
-10.938 -0.813 46.556 8.840 267.3927
-10.938 -0.750 46.557 8.929 267.2384
-10.938 -0.688 46.558 9.018 265.9684
-10.938 -0.625 46.558 9.108 265.2599
-10.938 -0.563 46.559 9.197 266.4279
-10.938 -0.500 46.560 9.286 267.2384
-10.938 -0.438 46.560 9.375 267.1183
-10.938 -0.375 46.561 9.465 267.3400
-10.938 -0.313 46.561 9.554 267.4279
-10.938 -0.250 46.562 9.643 266.2570
-10.938 -0.188 46.562 9.732 265.2784
-10.938 -0.125 46.562 9.822 265.7365
-10.938 -0.063 46.562 9.911 266.1681
-10.938 0.000 46.562 10.000 265.0485
-10.938 0.063 46.562 10.089 264.2838
-10.938 0.125 46.562 10.178 265.1198
-10.938 0.188 46.562 10.268 265.2238
-10.938 0.250 46.562 10.357 265.1573
-10.938 0.313 46.561 10.446 265.5133
-10.938 0.375 46.561 10.535 264.5870
-10.938 0.438 46.560 10.625 265.5323
-10.938 0.500 46.560 10.714 265.0724
-10.938 0.563 46.559 10.803 264.9674
-10.938 0.625 46.558 10.892 264.7418
-10.938 0.688 46.558 10.982 265.6725
-10.938 0.750 46.557 11.071 268.7462
-10.938 0.813 46.556 11.160 271.0240
-10.938 0.875 46.554 11.249 270.9474
-10.938 0.938 46.553 11.339 270.0548
-10.938 1.000 46.552 11.428 269.6427
-10.875 -1.188 46.610 8.302 265.7365
-10.875 -1.125 46.612 8.392 265.4615
-10.875 -1.063 46.613 8.481 265.7169
-10.875 -1.000 46.614 8.570 267.9103
-10.875 -0.938 46.616 8.660 268.0182
-10.875 -0.875 46.617 8.749 267.5416
-10.875 -0.813 46.618 8.838 267.7970
-10.875 -0.750 46.619 8.928 267.6627
-10.875 -0.688 46.620 9.017 267.0533
-10.875 -0.625 46.621 9.106 267.1910
-10.875 -0.563 46.622 9.196 268.0284
-10.875 -0.500 46.622 9.285 267.7125
-10.875 -0.438 46.623 9.374 268.1134
-10.875 -0.375 46.624 9.464 270.0577
-10.875 -0.313 46.624 9.553 270.6700
-10.875 -0.250 46.624 9.643 269.6949
-10.875 -0.188 46.625 9.732 267.4991
-10.875 -0.125 46.625 9.821 265.9518
-10.875 -0.063 46.625 9.911 265.1388
-10.875 0.000 46.625 10.000 265.3405
-10.875 0.063 46.625 10.089 265.5948
-10.875 0.125 46.625 10.179 265.8844
-10.875 0.188 46.625 10.268 264.5900
-10.875 0.250 46.624 10.357 264.7565
-10.875 0.313 46.624 10.447 265.6349
-10.875 0.375 46.624 10.536 268.3932
-10.875 0.438 46.623 10.626 268.8912
-10.875 0.500 46.622 10.715 269.2272
-10.875 0.563 46.622 10.804 269.8678
-10.875 0.625 46.621 10.894 269.5831
-10.875 0.688 46.620 10.983 269.6910
-10.875 0.750 46.619 11.072 271.1344
-10.875 0.813 46.618 11.162 270.8512
-10.875 0.875 46.617 11.251 268.2272
-10.875 0.938 46.616 11.340 267.6896
-10.875 1.000 46.614 11.430 267.6891
-10.813 -1.125 46.674 8.389 265.7042
-10.813 -1.063 46.676 8.479 266.2838
-10.813 -1.000 46.677 8.568 268.7452
-10.813 -0.938 46.678 8.658 268.8107
-10.813 -0.875 46.679 8.747 268.4576
-10.813 -0.813 46.681 8.837 268.9098
-10.813 -0.750 46.682 8.926 268.5509
-10.813 -0.688 46.683 9.016 268.8107
-10.813 -0.625 46.683 9.105 270.8522
-10.813 -0.563 46.684 9.195 270.8927
-10.813 -0.500 46.685 9.284 268.7091
-10.813 -0.438 46.685 9.374 270.2814
-10.813 -0.375 46.686 9.463 271.6823
-10.813 -0.313 46.686 9.553 271.1603
-10.813 -0.250 46.687 9.642 269.8883
-10.813 -0.188 46.687 9.732 268.7662
-10.813 -0.125 46.687 9.821 266.7780
-10.813 -0.063 46.687 9.911 264.2985
-10.813 0.000 46.688 10.000 264.5656
-10.813 0.063 46.687 10.089 266.3966
-10.813 0.125 46.687 10.179 264.8785
-10.813 0.188 46.687 10.268 264.7428
-10.813 0.250 46.687 10.358 264.6183
-10.813 0.313 46.686 10.447 267.4186
-10.813 0.375 46.686 10.537 269.0656
-10.813 0.438 46.685 10.626 268.3268
-10.813 0.500 46.685 10.716 265.9181
-10.813 0.563 46.684 10.805 265.8654
-10.813 0.625 46.683 10.895 266.6178
-10.813 0.688 46.683 10.984 264.9127
-10.813 0.750 46.682 11.074 270.4156
-10.813 0.813 46.681 11.163 269.8458
-10.813 0.875 46.679 11.253 269.3751
-10.813 0.938 46.678 11.342 265.3199
-10.813 1.000 46.677 11.432 264.2877
