-12.875 -1.188 44.611 8.374 -1.3414 0.8299
-12.875 -1.125 44.612 8.459 -0.8643 0.3010
-12.875 -1.062 44.614 8.545 -0.7813 0.9807
-12.875 -1.000 44.615 8.630 -1.0865 2.6521
-12.875 -0.938 44.616 8.716 -0.7916 2.7390
-12.875 -0.875 44.617 8.802 -0.9517 2.8137
-12.875 -0.812 44.618 8.887 -0.7701 3.4168
-12.875 -0.750 44.619 8.973 0.2729 3.2346
-12.875 -0.688 44.620 9.058 0.8788 2.4158
-12.875 -0.625 44.621 9.144 0.8823 1.5501
-12.875 -0.562 44.622 9.230 0.4794 1.4968
-12.875 -0.500 44.622 9.315 0.1811 0.9197
-12.875 -0.438 44.623 9.401 0.1176 0.1155
-12.875 -0.375 44.624 9.486 0.0180 -0.3215
-12.875 -0.312 44.624 9.572 -0.1705 -0.0744
-12.875 -0.250 44.624 9.658 -0.1514 0.7942
-12.875 -0.188 44.625 9.743 -0.3213 1.5799
-12.875 -0.125 44.625 9.829 0.3017 1.5711
-12.875 -0.062 44.625 9.914 0.3701 1.6956
-12.875 0.000 44.625 10.000 -0.2374 0.6365
-12.875 0.062 44.625 10.086 -0.2217 0.8943
-12.875 0.125 44.625 10.171 0.0805 1.4695
-12.875 0.188 44.625 10.257 -0.4610 1.4758
-12.875 0.250 44.624 10.342 -1.0259 0.4939
-12.875 0.312 44.624 10.428 -1.0972 -0.1169
-12.875 0.375 44.624 10.514 -1.5611 -0.7756
-12.875 0.438 44.623 10.599 -1.8311 -1.0110
-12.875 0.500 44.622 10.685 -2.0836 -0.9397
-12.875 0.562 44.622 10.770 -2.6158 -0.9294
-12.875 0.625 44.621 10.856 -2.9878 -1.2121
-12.875 0.688 44.620 10.942 -2.5943 -1.3777
-12.875 0.750 44.619 11.027 -2.1275 -0.6926
-12.875 0.812 44.618 11.113 -2.2335 -0.4216
-12.875 0.875 44.617 11.198 -2.1924 0.0838
-12.875 0.938 44.616 11.284 -1.9473 0.5872
-12.875 1.000 44.615 11.370 -1.3453 1.2537
-12.875 1.062 44.614 11.455 -0.7027 2.1004
-12.812 -1.188 44.673 8.372 -1.4971 0.7766
-12.812 -1.125 44.675 8.457 -1.2603 0.5720
-12.812 -1.062 44.676 8.543 -0.8633 0.3245
-12.812 -1.000 44.677 8.629 -1.0718 0.7312
-12.812 -0.938 44.679 8.714 -1.2159 1.2254
-12.812 -0.875 44.680 8.800 -0.9117 2.3176
-12.812 -0.812 44.681 8.886 -0.5914 2.9539
-12.812 -0.750 44.682 8.971 0.0229 2.6712
-12.812 -0.688 44.683 9.057 0.6938 1.6760
-12.812 -0.625 44.684 9.143 0.7578 0.8826
-12.812 -0.562 44.684 9.229 -0.1607 0.3616
-12.812 -0.500 44.685 9.314 -0.5176 -0.3323
-12.812 -0.438 44.686 9.400 -0.1270 -0.0725
-12.812 -0.375 44.686 9.486 -0.5289 0.1258
-12.812 -0.312 44.687 9.571 -0.6436 -0.2058
-12.812 -0.250 44.687 9.657 -0.5054 0.4182
-12.812 -0.188 44.687 9.743 -0.8082 1.1780
-12.812 -0.125 44.687 9.829 -0.2378 1.4749
-12.812 -0.062 44.687 9.914 -0.3321 1.7107
-12.812 0.000 44.688 10.000 -1.0215 2.1067
-12.812 0.062 44.687 10.086 -0.3243 1.6721
-12.812 0.125 44.687 10.171 -0.7476 0.8279
-12.812 0.188 44.687 10.257 -2.5191 -0.1130
-12.812 0.250 44.687 10.343 -2.5464 -0.5574
-12.812 0.312 44.687 10.429 -2.1295 -0.5437
-12.812 0.375 44.686 10.514 -2.3653 -0.7258
-12.812 0.438 44.686 10.600 -2.3121 -1.0110
-12.812 0.500 44.685 10.686 -2.8785 -1.3679
-12.812 0.562 44.684 10.771 -3.3882 -1.5964
-12.812 0.625 44.684 10.857 -3.1529 -1.5886
-12.812 0.688 44.683 10.943 -2.4537 -1.2346
-12.812 0.750 44.682 11.029 -1.9615 -1.1848
-12.812 0.812 44.681 11.114 -2.2061 -0.9128
-12.812 0.875 44.680 11.200 -2.5836 -0.7908
-12.812 0.938 44.679 11.286 -2.2813 -0.6916
-12.812 1.000 44.677 11.371 -1.3965 -0.5193
-12.812 1.062 44.676 11.457 -1.0626 -0.6228
-12.750 -1.188 44.736 8.369 -1.5152 0.7810
-12.750 -1.125 44.737 8.455 -1.9864 0.7581
-12.750 -1.062 44.739 8.541 -1.8941 0.3806
-12.750 -1.000 44.740 8.627 -1.3477 -0.0764
-12.750 -0.938 44.741 8.713 -0.7242 0.1917
-12.750 -0.875 44.742 8.798 -0.1880 1.1922
-12.750 -0.812 44.743 8.884 -0.6578 2.5012
-12.750 -0.750 44.744 8.970 -0.5093 2.1243
-12.750 -0.688 44.745 9.056 0.2241 1.4578
-12.750 -0.625 44.746 9.142 0.5956 0.2117
-12.750 -0.562 44.747 9.228 0.3989 -0.3738
-12.750 -0.500 44.747 9.313 -0.3394 -0.0144
-12.750 -0.438 44.748 9.399 -0.6514 -0.2356
-12.750 -0.375 44.749 9.485 -0.9268 -0.1223
-12.750 -0.312 44.749 9.571 -0.9566 -0.0242
-12.750 -0.250 44.749 9.657 -0.9503 -0.0471
-12.750 -0.188 44.750 9.742 -1.1768 0.5008
-12.750 -0.125 44.750 9.828 -1.0069 1.3006
-12.750 -0.062 44.750 9.914 -0.6641 1.5442
-12.750 0.000 44.750 10.000 -1.8643 1.3523
-12.750 0.062 44.750 10.086 -2.5591 0.5061
-12.750 0.125 44.750 10.172 -2.6832 -1.1072
-12.750 0.188 44.750 10.258 -3.1670 -0.7678
-12.750 0.250 44.749 10.343 -2.5919 -0.3733
-12.750 0.312 44.749 10.429 -2.2188 -0.4773
-12.750 0.375 44.749 10.515 -2.4654 -0.2834
-12.750 0.438 44.748 10.601 -2.8336 -0.2893
-12.750 0.500 44.747 10.687 -3.2945 -0.9275
-12.750 0.562 44.747 10.772 -3.4273 -1.1731
-12.750 0.625 44.746 10.858 -3.0333 -1.0544
-12.750 0.688 44.745 10.944 -2.5933 -0.8918
-12.750 0.750 44.744 11.030 -2.2564 -0.8137
-12.750 0.812 44.743 11.116 -2.1910 -0.8274
-12.750 0.875 44.742 11.202 -2.2442 -0.6780
-12.750 0.938 44.741 11.287 -2.1182 -0.4499
-12.750 1.000 44.740 11.373 -1.6553 -0.5442
-12.750 1.062 44.739 11.459 -1.6558 -1.1877
-12.688 -1.188 44.798 8.367 -1.9498 0.5940
-12.688 -1.125 44.800 8.453 -2.3184 0.4798
-12.688 -1.062 44.801 8.539 -2.2271 0.5520
-12.688 -1.000 44.802 8.625 -1.8589 0.6511
-12.688 -0.938 44.804 8.711 -1.4449 0.5725
-12.688 -0.875 44.805 8.797 -0.7955 0.4119
-12.688 -0.812 44.806 8.883 -0.7349 1.3548
-12.688 -0.750 44.807 8.969 -0.6348 1.8401
-12.688 -0.688 44.808 9.055 0.1391 1.4744
-12.688 -0.625 44.809 9.141 0.7622 0.6448
-12.688 -0.562 44.809 9.226 0.8569 0.0340
-12.688 -0.500 44.810 9.312 -0.2442 -0.0696
-12.688 -0.438 44.811 9.398 -1.3360 -0.0896
-12.688 -0.375 44.811 9.484 -1.2769 -0.1033
-12.688 -0.312 44.812 9.570 -0.9444 0.1707
-12.688 -0.250 44.812 9.656 -0.8882 -0.6179
-12.688 -0.188 44.812 9.742 -1.1353 -1.1789
-12.688 -0.125 44.812 9.828 -1.9683 -1.0549
-12.688 -0.062 44.812 9.914 -3.1119 -0.4822
-12.688 0.000 44.812 10.000 -3.3765 -0.8059
-12.688 0.062 44.812 10.086 -3.1387 -0.3674
-12.688 0.125 44.812 10.172 -2.9962 -0.4138
-12.688 0.188 44.812 10.258 -2.4927 -0.0632
-12.688 0.250 44.812 10.344 -2.3033 -0.1540
-12.688 0.312 44.812 10.430 -2.5699 -0.6076
-12.688 0.375 44.811 10.516 -2.4463 -1.0036
-12.688 0.438 44.811 10.602 -3.0728 -1.1589
-12.688 0.500 44.810 10.688 -3.5674 -1.1721
-12.688 0.562 44.809 10.774 -3.3419 -1.1091
-12.688 0.625 44.809 10.859 -2.7442 -1.1394
-12.688 0.688 44.808 10.945 -2.2525 -1.0090
-12.688 0.750 44.807 11.031 -2.1221 -0.9294
-12.688 0.812 44.806 11.117 -2.2173 -0.9905
-12.688 0.875 44.805 11.203 -2.1485 -1.0725
-12.688 0.938 44.804 11.289 -1.9620 -1.0500
-12.688 1.000 44.802 11.375 -1.6119 -1.1731
-12.688 1.062 44.801 11.461 -1.4102 -1.1614
-12.625 -1.188 44.861 8.365 -2.6973 0.5359
-12.625 -1.125 44.862 8.451 -2.5982 0.3909
-12.625 -1.062 44.864 8.537 -2.4307 0.2385
-12.625 -1.000 44.865 8.623 -1.9468 0.1746
-12.625 -0.938 44.866 8.709 -1.7652 0.3889
-12.625 -0.875 44.867 8.795 -1.1573 0.6839
-12.625 -0.812 44.868 8.881 -0.7515 0.8860
-12.625 -0.750 44.869 8.967 -0.5821 1.2776
-12.625 -0.688 44.870 9.053 0.1025 1.3093
-12.625 -0.625 44.871 9.139 0.3442 1.0276
-12.625 -0.562 44.872 9.225 0.1489 0.4695
-12.625 -0.500 44.872 9.312 -0.9195 -0.0217
-12.625 -0.438 44.873 9.398 -1.6563 0.1384
-12.625 -0.375 44.874 9.484 -1.4878 0.4934
-12.625 -0.312 44.874 9.570 -0.9854 0.3299
-12.625 -0.250 44.874 9.656 -0.8170 -0.7502
-12.625 -0.188 44.875 9.742 -1.3936 -1.2702
-12.625 -0.125 44.875 9.828 -2.4659 -0.9079
-12.625 -0.062 44.875 9.914 -3.3589 -0.7131
-12.625 0.000 44.875 10.000 -3.4927 -0.5305
-12.625 0.062 44.875 10.086 -3.1290 -0.4768
-12.625 0.125 44.875 10.172 -2.6314 -0.2185
-12.625 0.188 44.875 10.258 -2.2794 0.2024
-12.625 0.250 44.874 10.344 -2.9678 -0.1726
-12.625 0.312 44.874 10.430 -3.2437 -0.8284
-12.625 0.375 44.874 10.516 -3.2291 -1.1760
-12.625 0.438 44.873 10.602 -3.2637 -1.2532
-12.625 0.500 44.872 10.688 -3.4044 -1.0373
-12.625 0.562 44.872 10.775 -3.0840 -0.8938
-12.625 0.625 44.871 10.861 -2.6959 -0.9245
-12.625 0.688 44.870 10.947 -2.2481 -1.1687
-12.625 0.750 44.869 11.033 -2.1480 -1.1755
-12.625 0.812 44.868 11.119 -2.1646 -1.2019
-12.625 0.875 44.867 11.205 -2.0992 -1.3742
-12.625 0.938 44.866 11.291 -2.0103 -1.3137
-12.625 1.000 44.865 11.377 -1.7828 -1.4685
-12.625 1.062 44.864 11.463 -1.2593 -1.6169
-12.562 -1.188 44.923 8.363 -2.7994 0.8880
-12.562 -1.125 44.925 8.449 -2.6920 0.5383
-12.562 -1.062 44.926 8.535 -2.5665 0.0310
-12.562 -1.000 44.927 8.621 -1.8536 -0.0759
-12.562 -0.938 44.929 8.707 -1.3091 0.2986
-12.562 -0.875 44.930 8.794 -1.2794 1.2693
-12.562 -0.812 44.931 8.880 -1.1724 1.6443
-12.562 -0.750 44.932 8.966 -1.0279 1.8450
-12.562 -0.688 44.933 9.052 -0.5093 0.9871
-12.562 -0.625 44.934 9.138 -0.3716 0.4138
-12.562 -0.562 44.934 9.224 -0.9468 0.0828
-12.562 -0.500 44.935 9.311 -1.5484 -0.1369
-12.562 -0.438 44.936 9.397 -1.3189 -0.2180
-12.562 -0.375 44.936 9.483 -1.1563 0.1253
-12.562 -0.312 44.937 9.569 -1.3521 0.2927
-12.562 -0.250 44.937 9.655 -1.1255 -0.6072
-12.562 -0.188 44.937 9.741 -0.9317 -1.3567
-12.562 -0.125 44.937 9.828 -2.0577 -0.6926
-12.562 -0.062 44.937 9.914 -3.2266 -0.1247
-12.562 0.000 44.937 10.000 -3.1602 -0.0608
-12.562 0.062 44.937 10.086 -2.8672 -0.1120
-12.562 0.125 44.937 10.172 -2.3419 0.1126
-12.562 0.188 44.937 10.259 -2.2535 -0.2722
-12.562 0.250 44.937 10.345 -3.2076 -0.7263
-12.562 0.312 44.937 10.431 -3.2891 -0.8518
-12.562 0.375 44.936 10.517 -3.1436 -0.8826
-12.562 0.438 44.936 10.603 -3.1148 -0.9011
-12.562 0.500 44.935 10.689 -3.0670 -0.9451
-12.562 0.562 44.934 10.776 -2.7120 -0.9646
-12.562 0.625 44.934 10.862 -2.5284 -0.7536
-12.562 0.688 44.933 10.948 -2.2847 -0.6369
-12.562 0.750 44.932 11.034 -2.0181 -0.9465
-12.562 0.812 44.931 11.120 -2.1138 -0.9582
-12.562 0.875 44.930 11.206 -2.1192 -1.1306
-12.562 0.938 44.929 11.293 -1.8213 -1.1951
-12.562 1.000 44.927 11.379 -1.5626 -1.1560
-12.562 1.062 44.926 11.465 -1.1504 -1.0403
-12.500 -1.188 44.986 8.361 -2.9976 0.8831
-12.500 -1.125 44.987 8.447 -2.7422 0.3963
-12.500 -1.062 44.989 8.533 -2.3580 0.2005
-12.500 -1.000 44.990 8.619 -1.3160 0.2376
-12.500 -0.938 44.991 8.706 -0.7310 0.1204
-12.500 -0.875 44.992 8.792 -1.0230 -0.1120
-12.500 -0.812 44.993 8.878 -1.5425 0.0139
-12.500 -0.750 44.994 8.965 -2.3355 0.6170
-12.500 -0.688 44.995 9.051 -2.4512 0.4373
-12.500 -0.625 44.996 9.137 -1.2198 -0.4543
-12.500 -0.562 44.997 9.223 -0.9263 -0.0530
-12.500 -0.500 44.997 9.310 -1.5523 0.4329
-12.500 -0.438 44.998 9.396 -1.2964 0.3582
-12.500 -0.375 44.999 9.482 -0.8204 0.0408
-12.500 -0.312 44.999 9.569 -1.1734 -0.1492
-12.500 -0.250 44.999 9.655 -1.1758 -0.3879
-12.500 -0.188 45.000 9.741 -1.1065 -1.2790
-12.500 -0.125 45.000 9.827 -1.8858 -1.3752
-12.500 -0.062 45.000 9.914 -2.9581 -0.3005
-12.500 0.000 45.000 10.000 -2.9283 0.2444
-12.500 0.062 45.000 10.086 -2.7120 0.3474
-12.500 0.125 45.000 10.173 -2.8712 0.1467
-12.500 0.188 45.000 10.259 -3.2505 -0.1452
-12.500 0.250 44.999 10.345 -3.3326 -0.3259
-12.500 0.312 44.999 10.431 -3.1602 -0.3742
-12.500 0.375 44.999 10.518 -2.8702 -0.3791
-12.500 0.438 44.998 10.604 -2.9581 -0.5613
-12.500 0.500 44.997 10.690 -2.9913 -0.6355
-12.500 0.562 44.997 10.777 -2.4488 -0.6316
-12.500 0.625 44.996 10.863 -2.1002 -0.5246
-12.500 0.688 44.995 10.949 -2.2720 -0.6980
-12.500 0.750 44.994 11.035 -2.0132 -0.8337
-12.500 0.812 44.993 11.122 -1.9761 -0.8606
-12.500 0.875 44.992 11.208 -1.8306 -0.7629
-12.500 0.938 44.991 11.294 -1.7071 -0.6828
-12.500 1.000 44.990 11.381 -1.4776 -0.8000
-12.500 1.062 44.989 11.467 -1.2027 -0.8865
-12.438 -1.188 45.048 8.359 -2.9459 -0.0559
-12.438 -1.125 45.050 8.445 -2.5591 -0.0940
-12.438 -1.062 45.051 8.531 -1.6837 0.1287
-12.438 -1.000 45.052 8.618 -0.9854 0.4700
-12.438 -0.938 45.054 8.704 -1.1802 0.1673
-12.438 -0.875 45.055 8.790 -1.6929 -0.5979
-12.438 -0.812 45.056 8.877 -1.8458 -1.0222
-12.438 -0.750 45.057 8.963 -2.2515 -1.2395
-12.438 -0.688 45.058 9.050 -2.7930 -0.4363
-12.438 -0.625 45.059 9.136 -1.7720 -0.3513
-12.438 -0.562 45.059 9.222 -1.0201 -0.7536
-12.438 -0.500 45.060 9.309 -0.9556 -0.3279
-12.438 -0.438 45.061 9.395 -1.4932 0.1629
-12.438 -0.375 45.061 9.482 -1.5660 0.1218
-12.438 -0.312 45.062 9.568 -1.4566 -0.4011
-12.438 -0.250 45.062 9.654 -1.3565 -0.6057
-12.438 -0.188 45.062 9.741 -1.6177 -0.9367
-12.438 -0.125 45.062 9.827 -1.9180 -0.9534
-12.438 -0.062 45.062 9.914 -2.4302 -0.0578
-12.438 0.000 45.062 10.000 -2.7535 0.3386
-12.438 0.062 45.062 10.086 -2.8995 0.4343
-12.438 0.125 45.062 10.173 -3.1851 0.1194
-12.438 0.188 45.062 10.259 -3.3008 -0.0056
-12.438 0.250 45.062 10.346 -3.2549 -0.0603
-12.438 0.312 45.062 10.432 -2.8863 -0.0622
-12.438 0.375 45.061 10.518 -2.7974 -0.0139
-12.438 0.438 45.061 10.605 -2.9332 -0.1750
-12.438 0.500 45.060 10.691 -2.7720 -0.1101
-12.438 0.562 45.059 10.778 -2.2398 -0.0364
-12.438 0.625 45.059 10.864 -1.9244 -0.1970
-12.438 0.688 45.058 10.950 -2.2696 -0.2742
-12.438 0.750 45.057 11.037 -1.9185 -0.4026
-12.438 0.812 45.056 11.123 -1.7496 -0.4739
-12.438 0.875 45.055 11.210 -1.7720 -0.6321
-12.438 0.938 45.054 11.296 -1.6998 -0.6438
-12.438 1.000 45.052 11.382 -1.6138 -0.5598
-12.438 1.062 45.051 11.469 -1.2818 -0.5300
-12.375 -1.188 45.111 8.356 -2.8111 -0.5691
-12.375 -1.125 45.112 8.443 -2.0416 -0.6921
-12.375 -1.062 45.113 8.529 -1.0718 -0.5051
-12.375 -1.000 45.115 8.616 -1.0977 -0.3738
-12.375 -0.938 45.116 8.702 -1.7452 -0.6394
-12.375 -0.875 45.117 8.789 -2.4136 -0.9167
-12.375 -0.812 45.118 8.875 -2.6334 -1.3791
-12.375 -0.750 45.119 8.962 -2.6080 -1.5666
-12.375 -0.688 45.120 9.048 -2.2276 -1.2253
-12.375 -0.625 45.121 9.135 -1.9024 -0.8469
-12.375 -0.562 45.122 9.221 -1.4976 -1.0417
-12.375 -0.500 45.122 9.308 -1.3443 -1.1770
-12.375 -0.438 45.123 9.394 -1.4087 -0.7595
-12.375 -0.375 45.124 9.481 -1.8277 0.1248
-12.375 -0.312 45.124 9.567 -2.1749 -0.1755
-12.375 -0.250 45.124 9.654 -1.8003 -0.4934
-12.375 -0.188 45.125 9.740 -1.7271 -0.6736
-12.375 -0.125 45.125 9.827 -1.5962 -0.5242
-12.375 -0.062 45.125 9.913 -2.0733 -0.0491
-12.375 0.000 45.125 10.000 -2.4805 0.2634
-12.375 0.062 45.125 10.087 -2.6822 0.3362
-12.375 0.125 45.125 10.173 -2.9029 0.5618
-12.375 0.188 45.125 10.260 -3.1226 0.5447
-12.375 0.250 45.124 10.346 -3.1109 0.3689
-12.375 0.312 45.124 10.433 -2.9161 0.1477
-12.375 0.375 45.124 10.519 -2.6910 0.0222
-12.375 0.438 45.123 10.606 -2.6714 0.1184
-12.375 0.500 45.122 10.692 -2.3209 0.1321
-12.375 0.562 45.122 10.779 -2.1158 0.3289
-12.375 0.625 45.121 10.865 -2.1451 0.0310
-12.375 0.688 45.120 10.952 -2.1348 -0.1487
-12.375 0.750 45.119 11.038 -1.8990 -0.2375
-12.375 0.812 45.118 11.125 -1.9019 -0.5041
-12.375 0.875 45.117 11.211 -1.8736 -0.5041
-12.375 0.938 45.116 11.298 -1.6260 -0.5012
-12.375 1.000 45.115 11.384 -1.4410 -0.4094
-12.375 1.062 45.113 11.471 -1.2593 -0.2986
-12.312 -1.188 45.173 8.354 -2.7515 -0.1496
-12.312 -1.125 45.175 8.441 -1.9429 -0.5598
-12.312 -1.062 45.176 8.527 -0.9878 -0.8054
-12.312 -1.000 45.177 8.614 -1.6539 -0.7839
-12.312 -0.938 45.179 8.701 -2.4898 -0.8225
-12.312 -0.875 45.180 8.787 -2.6451 -0.7292
-12.312 -0.812 45.181 8.874 -2.5753 -1.1321
-12.312 -0.750 45.182 8.960 -2.4776 -1.3757
-12.312 -0.688 45.183 9.047 -2.1929 -1.5891
-12.312 -0.625 45.184 9.134 -1.8170 -1.5842
-12.312 -0.562 45.184 9.220 -1.5543 -1.3659
-12.312 -0.500 45.185 9.307 -1.3946 -0.9880
-12.312 -0.438 45.186 9.394 -1.1514 -0.7639
-12.312 -0.375 45.186 9.480 -1.8311 -0.4670
-12.312 -0.312 45.187 9.567 -2.3707 -0.0827
-12.312 -0.250 45.187 9.653 -2.1114 0.0813
-12.312 -0.188 45.187 9.740 -1.7520 0.1131
-12.312 -0.125 45.187 9.827 -1.3355 0.0100
-12.312 -0.062 45.187 9.913 -1.6788 0.0315
-12.312 0.000 45.188 10.000 -2.3077 0.2239
-12.312 0.062 45.187 10.087 -2.4058 0.3284
-12.312 0.125 45.187 10.173 -2.6060 0.4661
-12.312 0.188 45.187 10.260 -2.8077 0.5545
-12.312 0.250 45.187 10.347 -2.9571 0.3777
-12.312 0.312 45.187 10.433 -2.8965 0.2888
-12.312 0.375 45.186 10.520 -2.5767 0.3059
-12.312 0.438 45.186 10.606 -2.4068 0.2464
-12.312 0.500 45.185 10.693 -1.8140 0.1887
-12.312 0.562 45.184 10.780 -1.8355 0.1663
-12.312 0.625 45.184 10.866 -2.2774 0.0315
-12.312 0.688 45.183 10.953 -2.1382 -0.0950
-12.312 0.750 45.182 11.040 -1.9586 -0.2160
-12.312 0.812 45.181 11.126 -1.7715 -0.3342
-12.312 0.875 45.180 11.213 -1.6104 -0.3396
-12.312 0.938 45.179 11.299 -1.6060 -0.3816
-12.312 1.000 45.177 11.386 -1.4263 -0.3230
-12.312 1.062 45.176 11.473 -1.2276 -0.2502
-12.250 -1.188 45.236 8.352 -2.7867 -0.3415
-12.250 -1.125 45.237 8.439 -1.6197 -0.5495
-12.250 -1.062 45.238 8.525 -1.0582 -0.8967
-12.250 -1.000 45.240 8.612 -1.9864 -0.8240
-12.250 -0.938 45.241 8.699 -2.5601 -0.7195
-12.250 -0.875 45.242 8.786 -2.6734 -0.6003
-12.250 -0.812 45.243 8.872 -2.6895 -1.0256
-12.250 -0.750 45.244 8.959 -2.4239 -1.2624
-12.250 -0.688 45.245 9.046 -2.2706 -1.7326
-12.250 -0.625 45.246 9.132 -1.7540 -2.1150
-12.250 -0.562 45.247 9.219 -1.1714 -1.9597
-12.250 -0.500 45.247 9.306 -1.2623 -1.2458
-12.250 -0.438 45.248 9.393 -1.7237 -1.0730
-12.250 -0.375 45.249 9.479 -2.0254 -1.1404
-12.250 -0.312 45.249 9.566 -2.0396 -0.5847
-12.250 -0.250 45.249 9.653 -1.9327 -0.1179
-12.250 -0.188 45.250 9.740 -1.6719 0.1316
-12.250 -0.125 45.250 9.826 -1.4317 -0.0549
-12.250 -0.062 45.250 9.913 -1.5821 -0.2932
-12.250 0.000 45.250 10.000 -2.0836 0.0808
-12.250 0.062 45.250 10.087 -2.4551 0.0740
-12.250 0.125 45.250 10.174 -2.3511 0.0003
-12.250 0.188 45.250 10.260 -2.4439 0.1438
-12.250 0.250 45.249 10.347 -2.7017 0.1878
-12.250 0.312 45.249 10.434 -2.6094 0.4260
-12.250 0.375 45.249 10.521 -2.4356 0.5252
-12.250 0.438 45.248 10.607 -2.4092 0.6536
-12.250 0.500 45.247 10.694 -2.0767 0.5774
-12.250 0.562 45.247 10.781 -1.9590 0.3342
-12.250 0.625 45.246 10.868 -2.2100 0.1702
-12.250 0.688 45.245 10.954 -2.1221 0.0725
-12.250 0.750 45.244 11.041 -1.8961 -0.0632
-12.250 0.812 45.243 11.128 -1.8477 -0.3108
-12.250 0.875 45.242 11.214 -1.7320 -0.5051
-12.250 0.938 45.241 11.301 -1.5469 -0.5202
-12.250 1.000 45.240 11.388 -1.3121 -0.4158
-12.250 1.062 45.238 11.475 -1.0211 -0.3132
-12.188 -1.188 45.298 8.350 -2.7159 0.1116
-12.188 -1.125 45.300 8.437 -1.6397 0.0486
-12.188 -1.062 45.301 8.523 -1.6168 -0.4475
-12.188 -1.000 45.302 8.610 -2.2447 -1.0227
-12.188 -0.938 45.304 8.697 -2.5523 -0.9660
-12.188 -0.875 45.305 8.784 -2.6465 -0.9431
-12.188 -0.812 45.306 8.871 -2.4087 -1.0329
-12.188 -0.750 45.307 8.958 -2.2906 -1.0749
-12.188 -0.688 45.308 9.044 -2.3585 -1.3572
-12.188 -0.625 45.309 9.131 -1.9029 -1.7478
-12.188 -0.562 45.309 9.218 -1.3550 -1.8425
-12.188 -0.500 45.310 9.305 -1.2364 -1.6506
-12.188 -0.438 45.311 9.392 -1.6680 -1.2385
-12.188 -0.375 45.311 9.479 -1.8228 -0.8074
-12.188 -0.312 45.312 9.566 -1.7100 -0.4143
-12.188 -0.250 45.312 9.653 -1.6363 -0.1379
-12.188 -0.188 45.312 9.739 -1.6705 0.0486
-12.188 -0.125 45.312 9.826 -1.5894 -0.0881
-12.188 -0.062 45.312 9.913 -1.6295 -0.3039
-12.188 0.000 45.313 10.000 -1.9571 -0.3493
-12.188 0.062 45.312 10.087 -2.2291 -0.1545
-12.188 0.125 45.312 10.174 -2.3414 -0.0100
-12.188 0.188 45.312 10.261 -2.4385 0.0178
-12.188 0.250 45.312 10.347 -2.4571 0.1697
-12.188 0.312 45.312 10.434 -2.2613 0.3963
-12.188 0.375 45.311 10.521 -2.1119 0.4549
-12.188 0.438 45.311 10.608 -2.0264 0.4358
-12.188 0.500 45.310 10.695 -1.9131 0.5730
-12.188 0.562 45.309 10.782 -2.0660 0.2566
-12.188 0.625 45.309 10.869 -2.0753 0.0784
-12.188 0.688 45.308 10.956 -1.9468 0.0364
-12.188 0.750 45.307 11.042 -2.0455 -0.1091
-12.188 0.812 45.306 11.129 -2.0333 -0.3352
-12.188 0.875 45.305 11.216 -1.7789 -0.5305
-12.188 0.938 45.304 11.303 -1.5015 -0.5368
-12.188 1.000 45.302 11.390 -1.3267 -0.3498
-12.188 1.062 45.301 11.477 -1.1583 -0.2908
-12.125 -1.188 45.361 8.348 -2.2584 1.0486
-12.125 -1.125 45.362 8.434 -1.7061 0.8401
-12.125 -1.062 45.363 8.521 -2.2735 0.2918
-12.125 -1.000 45.365 8.608 -2.6773 -0.4538
-12.125 -0.938 45.366 8.695 -2.6221 -0.8220
-12.125 -0.875 45.367 8.782 -2.4507 -0.7927
-12.125 -0.812 45.368 8.869 -2.1465 -0.5447
-12.125 -0.750 45.369 8.956 -2.1753 -0.6394
-12.125 -0.688 45.370 9.043 -2.1963 -0.9221
-12.125 -0.625 45.371 9.130 -1.9459 -1.1921
-12.125 -0.562 45.372 9.217 -1.6900 -1.4822
-12.125 -0.500 45.372 9.304 -1.4844 -1.5691
-12.125 -0.438 45.373 9.391 -1.3194 -1.4182
-12.125 -0.375 45.374 9.478 -1.3692 -0.8938
-12.125 -0.312 45.374 9.565 -1.4307 -0.3415
-12.125 -0.250 45.374 9.652 -1.4278 -0.1584
-12.125 -0.188 45.375 9.739 -1.5401 -0.0237
-12.125 -0.125 45.375 9.826 -1.7715 0.0164
-12.125 -0.062 45.375 9.913 -1.9390 -0.2746
-12.125 0.000 45.375 10.000 -2.1500 -0.3122
-12.125 0.062 45.375 10.087 -2.1192 -0.1550
-12.125 0.125 45.375 10.174 -2.1627 -0.1428
-12.125 0.188 45.375 10.261 -2.2881 -0.3030
-12.125 0.250 45.374 10.348 -2.0738 -0.0442
-12.125 0.312 45.374 10.435 -1.9288 0.1389
-12.125 0.375 45.374 10.522 -1.9317 0.0008
-12.125 0.438 45.373 10.609 -1.7706 -0.0461
-12.125 0.500 45.372 10.696 -1.7452 0.2649
-12.125 0.562 45.372 10.783 -2.0621 0.2815
-12.125 0.625 45.371 10.870 -1.9522 0.1892
-12.125 0.688 45.370 10.957 -1.9786 0.1072
-12.125 0.750 45.369 11.044 -2.1021 0.1043
-12.125 0.812 45.368 11.131 -2.0923 -0.1037
-12.125 0.875 45.367 11.218 -1.8985 -0.3074
-12.125 0.938 45.366 11.305 -1.4146 -0.4641
-12.125 1.000 45.365 11.392 -1.2344 -0.2766
-12.125 1.062 45.363 11.479 -1.4869 -0.2585
-12.062 -1.188 45.423 8.345 -1.7100 1.5994
-12.062 -1.125 45.425 8.432 -1.7335 1.0818
-12.062 -1.062 45.426 8.519 -2.2940 0.7298
-12.062 -1.000 45.427 8.607 -2.5865 0.2742
-12.062 -0.938 45.428 8.694 -2.4410 -0.2756
-12.062 -0.875 45.430 8.781 -1.9752 -0.4397
-12.062 -0.812 45.431 8.868 -1.8672 -0.2912
-12.062 -0.750 45.432 8.955 -1.9786 -0.4592
-12.062 -0.688 45.433 9.042 -1.9302 -0.7058
-12.062 -0.625 45.433 9.129 -1.7525 -0.9529
-12.062 -0.562 45.434 9.216 -1.5557 -1.1306
-12.062 -0.500 45.435 9.303 -1.3970 -1.1755
-12.062 -0.438 45.436 9.390 -1.2525 -1.2639
-12.062 -0.375 45.436 9.477 -1.0972 -1.0925
-12.062 -0.312 45.436 9.564 -1.2090 -0.8723
-12.062 -0.250 45.437 9.652 -1.3829 -0.5100
-12.062 -0.188 45.437 9.739 -1.4000 -0.2087
-12.062 -0.125 45.437 9.826 -1.7549 0.0569
-12.062 -0.062 45.437 9.913 -2.0230 0.0510
-12.062 0.000 45.438 10.000 -1.9546 0.0257
-12.062 0.062 45.437 10.087 -1.9947 0.1433
-12.062 0.125 45.437 10.174 -2.1939 0.0613
-12.062 0.188 45.437 10.261 -1.9883 0.1101
-12.062 0.250 45.437 10.348 -1.7164 0.3699
-12.062 0.312 45.436 10.436 -1.8414 0.3450
-12.062 0.375 45.436 10.523 -1.7418 -0.2077
-12.062 0.438 45.436 10.610 -1.0738 -0.8972
-12.062 0.500 45.435 10.697 -0.8760 -0.6037
-12.062 0.562 45.434 10.784 -1.5655 0.6516
-12.062 0.625 45.433 10.871 -1.7017 0.6209
-12.062 0.688 45.433 10.958 -1.4971 0.5886
-12.062 0.750 45.432 11.045 -1.8023 0.7049
-12.062 0.812 45.431 11.132 -2.0836 0.3718
-12.062 0.875 45.430 11.219 -2.0181 -0.3533
-12.062 0.938 45.428 11.306 -1.6563 -0.6789
-12.062 1.000 45.427 11.393 -1.3267 -0.7971
-12.062 1.062 45.426 11.481 -1.4556 -0.5232
-12.000 -1.188 45.486 8.343 -1.3018 1.3748
-12.000 -1.125 45.487 8.430 -1.5469 0.9573
-12.000 -1.062 45.488 8.517 -2.1260 0.6858
-12.000 -1.000 45.490 8.605 -2.3550 0.5359
-12.000 -0.938 45.491 8.692 -2.1470 0.1570
-12.000 -0.875 45.492 8.779 -1.7012 -0.1067
-12.000 -0.812 45.493 8.866 -1.8257 -0.1780
-12.000 -0.750 45.494 8.953 -2.0015 -0.3821
-12.000 -0.688 45.495 9.041 -1.8062 -0.5686
-12.000 -0.625 45.496 9.128 -1.6426 -0.6169
-12.000 -0.562 45.497 9.215 -1.4590 -0.7766
-12.000 -0.500 45.497 9.302 -1.3541 -0.9079
-12.000 -0.438 45.498 9.389 -1.2891 -0.7785
-12.000 -0.375 45.499 9.477 -1.2300 -0.6218
-12.000 -0.312 45.499 9.564 -1.0523 -0.5901
-12.000 -0.250 45.499 9.651 -0.9937 -0.1877
-12.000 -0.188 45.500 9.738 -1.1246 0.0252
-12.000 -0.125 45.500 9.826 -1.4234 0.2039
-12.000 -0.062 45.500 9.913 -1.7222 0.4675
-12.000 0.000 45.500 10.000 -1.7686 0.5076
-12.000 0.062 45.500 10.087 -1.7715 0.5437
-12.000 0.125 45.500 10.174 -1.7208 0.6951
-12.000 0.188 45.500 10.262 -1.4512 0.8572
-12.000 0.250 45.499 10.349 -1.3467 0.8259
-12.000 0.312 45.499 10.436 -1.5318 0.7923
-12.000 0.375 45.499 10.523 -1.8135 0.3176
-12.000 0.438 45.498 10.611 -0.7164 -0.7283
-12.000 0.500 45.497 10.698 0.2993 -0.9099
-12.000 0.562 45.497 10.785 -0.2794 0.6834
-12.000 0.625 45.496 10.872 -1.0889 1.1467
-12.000 0.688 45.495 10.959 -0.9712 1.1590
-12.000 0.750 45.494 11.047 -1.2383 1.1277
-12.000 0.812 45.493 11.134 -1.7491 0.6819
-12.000 0.875 45.492 11.221 -2.0899 -0.0593
-12.000 0.938 45.491 11.308 -1.9644 -0.7522
-12.000 1.000 45.490 11.395 -1.6212 -1.1452
-12.000 1.062 45.488 11.483 -1.5850 -0.9123
-11.938 -1.188 45.548 8.341 -0.6168 1.1350
-11.938 -1.125 45.549 8.428 -1.5923 0.8230
-11.938 -1.062 45.551 8.515 -1.8106 0.4090
-11.938 -1.000 45.552 8.603 -1.7613 0.6726
-11.938 -0.938 45.553 8.690 -1.7657 0.5974
-11.938 -0.875 45.555 8.777 -1.5987 0.4216
-11.938 -0.812 45.556 8.865 -1.7759 -0.0119
-11.938 -0.750 45.557 8.952 -1.8209 -0.1096
-11.938 -0.688 45.558 9.039 -1.7022 -0.1335
-11.938 -0.625 45.558 9.127 -1.6485 -0.2156
-11.938 -0.562 45.559 9.214 -1.4981 -0.4309
-11.938 -0.500 45.560 9.301 -1.1485 -0.4695
-11.938 -0.438 45.561 9.389 -0.9747 -0.1697
-11.938 -0.375 45.561 9.476 -1.0665 0.0359
-11.938 -0.312 45.561 9.563 -0.9009 0.1326
-11.938 -0.250 45.562 9.651 -0.8648 0.3235
-11.938 -0.188 45.562 9.738 -1.0460 0.4729
-11.938 -0.125 45.562 9.825 -1.1280 0.4895
-11.938 -0.062 45.562 9.913 -1.4278 0.5501
-11.938 0.000 45.562 10.000 -1.4039 0.6531
-11.938 0.062 45.562 10.087 -1.1880 0.7971
-11.938 0.125 45.562 10.175 -0.8248 0.9690
-11.938 0.188 45.562 10.262 -0.5333 1.0149
-11.938 0.250 45.562 10.349 -0.6461 1.2459
-11.938 0.312 45.561 10.437 -1.2437 1.1702
-11.938 0.375 45.561 10.524 -1.8824 0.7337
-11.938 0.438 45.561 10.611 -0.6592 0.0623
-11.938 0.500 45.560 10.699 0.4218 0.4343
-11.938 0.562 45.559 10.786 0.3759 1.0525
-11.938 0.625 45.558 10.873 -0.0743 1.5935
-11.938 0.688 45.558 10.961 -0.3018 1.8030
-11.938 0.750 45.557 11.048 -0.4952 1.5266
-11.938 0.812 45.556 11.135 -1.0069 1.0047
-11.938 0.875 45.555 11.223 -1.5196 0.3596
-11.938 0.938 45.553 11.310 -1.9429 -0.3635
-11.938 1.000 45.552 11.397 -1.8545 -0.6223
-11.938 1.062 45.551 11.485 -1.6426 -0.7048
-11.875 -1.188 45.610 8.339 -0.1612 1.1692
-11.875 -1.125 45.612 8.426 -1.3585 1.1272
-11.875 -1.062 45.613 8.513 -1.4991 0.7757
-11.875 -1.000 45.615 8.601 -1.4610 0.7683
-11.875 -0.938 45.616 8.688 -1.3975 0.9353
-11.875 -0.875 45.617 8.776 -1.6143 0.8313
-11.875 -0.812 45.618 8.863 -1.6016 0.4509
-11.875 -0.750 45.619 8.951 -1.5582 0.4788
-11.875 -0.688 45.620 9.038 -1.6168 0.5911
-11.875 -0.625 45.621 9.125 -1.5923 0.4544
-11.875 -0.562 45.622 9.213 -1.3692 0.4212
-11.875 -0.500 45.622 9.300 -0.9219 0.4031
-11.875 -0.438 45.623 9.388 -0.7545 0.4173
-11.875 -0.375 45.624 9.475 -0.7852 0.4241
-11.875 -0.312 45.624 9.563 -0.6348 0.4446
-11.875 -0.250 45.624 9.650 -0.6846 0.5652
-11.875 -0.188 45.625 9.738 -0.8462 0.5979
-11.875 -0.125 45.625 9.825 -0.9654 0.5603
-11.875 -0.062 45.625 9.913 -1.0772 0.5432
-11.875 0.000 45.625 10.000 -0.8770 0.5842
-11.875 0.062 45.625 10.087 -0.5176 0.8362
-11.875 0.125 45.625 10.175 0.0043 1.0335
-11.875 0.188 45.625 10.262 0.3413 1.2224
-11.875 0.250 45.624 10.350 -0.2647 1.5388
-11.875 0.312 45.624 10.437 -0.7813 1.5320
-11.875 0.375 45.624 10.525 -0.7969 1.4441
-11.875 0.438 45.623 10.612 0.1030 1.0027
-11.875 0.500 45.622 10.700 0.7944 1.4002
-11.875 0.562 45.622 10.787 0.4140 1.7107
-11.875 0.625 45.621 10.875 0.3857 1.9275
-11.875 0.688 45.620 10.962 0.1621 2.0823
-11.875 0.750 45.619 11.049 -0.1236 1.9617
-11.875 0.812 45.618 11.137 -0.6094 1.1804
-11.875 0.875 45.617 11.224 -1.2808 0.3206
-11.875 0.938 45.616 11.312 -1.5401 -0.0769
-11.875 1.000 45.615 11.399 -1.7564 -0.3152
-11.875 1.062 45.613 11.487 -1.9517 -0.2781
-11.812 -1.188 45.673 8.336 0.2792 1.3098
-11.812 -1.125 45.674 8.424 -0.9908 1.5633
-11.812 -1.062 45.676 8.511 -1.3174 1.4837
-11.812 -1.000 45.677 8.599 -0.9752 1.3411
-11.812 -0.938 45.678 8.687 -0.8087 1.1990
-11.812 -0.875 45.680 8.774 -1.1524 1.1336
-11.812 -0.812 45.681 8.862 -1.3150 1.0589
-11.812 -0.750 45.682 8.949 -1.2696 1.0506
-11.812 -0.688 45.683 9.037 -1.3384 1.2029
-11.812 -0.625 45.683 9.124 -1.2828 1.0701
-11.812 -0.562 45.684 9.212 -1.1011 1.1341
-11.812 -0.500 45.685 9.299 -0.8726 1.2351
-11.812 -0.438 45.686 9.387 -0.7403 1.2341
-11.812 -0.375 45.686 9.475 -0.6758 0.9583
-11.812 -0.312 45.686 9.562 -0.3990 0.6692
-11.812 -0.250 45.687 9.650 -0.4605 0.8196
-11.812 -0.188 45.687 9.737 -0.5318 0.8020
-11.812 -0.125 45.687 9.825 -0.5562 1.0252
-11.812 -0.062 45.687 9.912 -0.4659 1.1077
-11.812 0.000 45.688 10.000 -0.0879 0.9988
-11.812 0.062 45.687 10.088 0.1562 1.4173
-11.812 0.125 45.687 10.175 0.4516 1.5305
-11.812 0.188 45.687 10.263 0.2524 1.3010
-11.812 0.250 45.687 10.350 -0.3550 1.4241
-11.812 0.312 45.686 10.438 0.0341 1.7063
-11.812 0.375 45.686 10.525 0.1625 1.7224
-11.812 0.438 45.686 10.613 -0.2403 1.6887
-11.812 0.500 45.685 10.701 0.8207 1.6365
-11.812 0.562 45.684 10.788 0.8681 1.5716
-11.812 0.625 45.683 10.876 0.3705 1.9509
-11.812 0.688 45.683 10.963 0.9672 1.9661
-11.812 0.750 45.682 11.051 0.4506 1.6433
-11.812 0.812 45.681 11.138 -0.8580 0.9944
-11.812 0.875 45.680 11.226 -1.1724 0.3294
-11.812 0.938 45.678 11.313 -1.5054 0.2991
-11.812 1.000 45.677 11.401 -1.8126 0.1590
-11.812 1.062 45.676 11.489 -1.9366 0.0911
-11.750 -1.188 45.735 8.334 0.0830 1.2571
-11.750 -1.125 45.737 8.422 -0.4918 1.3377
-11.750 -1.062 45.738 8.509 -0.6705 1.7503
-11.750 -1.000 45.740 8.597 -0.5123 1.4924
-11.750 -0.938 45.741 8.685 -0.5035 1.1760
-11.750 -0.875 45.742 8.772 -0.7466 1.0750
-11.750 -0.812 45.743 8.860 -0.8155 1.2254
-11.750 -0.750 45.744 8.948 -0.9000 1.4485
-11.750 -0.688 45.745 9.035 -1.0171 1.5408
-11.750 -0.625 45.746 9.123 -0.9962 1.4334
-11.750 -0.562 45.747 9.211 -0.7623 1.4778
-11.750 -0.500 45.747 9.298 -0.4185 1.4309
-11.750 -0.438 45.748 9.386 -0.3897 1.5545
-11.750 -0.375 45.749 9.474 -0.6089 1.3357
-11.750 -0.312 45.749 9.562 -0.0850 1.0691
-11.750 -0.250 45.749 9.649 -0.0030 1.3562
-11.750 -0.188 45.750 9.737 -0.0547 1.3269
-11.750 -0.125 45.750 9.825 0.3144 1.6926
-11.750 -0.062 45.750 9.912 0.2348 1.8518
-11.750 0.000 45.750 10.000 -0.0254 1.8977
-11.750 0.062 45.750 10.088 0.6108 2.1834
-11.750 0.125 45.750 10.175 0.4497 1.9133
-11.750 0.188 45.750 10.263 -0.4312 1.7381
-11.750 0.250 45.749 10.351 -0.1246 1.9158
-11.750 0.312 45.749 10.438 0.5234 2.0569
-11.750 0.375 45.749 10.526 0.8413 1.5076
-11.750 0.438 45.748 10.614 0.1127 1.7044
-11.750 0.500 45.747 10.702 0.7919 2.2219
-11.750 0.562 45.747 10.789 1.5663 1.6663
-11.750 0.625 45.746 10.877 0.7480 1.5281
-11.750 0.688 45.745 10.965 0.6635 1.6126
-11.750 0.750 45.744 11.052 0.4252 0.4651
-11.750 0.812 45.743 11.140 -0.9185 1.1258
-11.750 0.875 45.742 11.228 -1.2300 1.1497
-11.750 0.938 45.741 11.315 -1.0699 1.0081
-11.750 1.000 45.740 11.403 -1.2432 1.2161
-11.750 1.062 45.738 11.491 -1.4185 1.0139
-11.688 -1.188 45.798 8.332 -0.1573 1.3196
-11.688 -1.125 45.799 8.420 0.0624 1.4758
-11.688 -1.062 45.801 8.507 -0.3555 1.4070
-11.688 -1.000 45.802 8.595 -0.5294 0.6858
-11.688 -0.938 45.803 8.683 -0.2945 0.9656
-11.688 -0.875 45.805 8.771 -0.4976 1.1961
-11.688 -0.812 45.806 8.859 -0.7725 1.3367
-11.688 -0.750 45.807 8.946 -0.8140 1.5891
-11.688 -0.688 45.808 9.034 -0.5142 1.5779
-11.688 -0.625 45.808 9.122 -0.4185 1.5178
-11.688 -0.562 45.809 9.210 -0.4503 1.7864
-11.688 -0.500 45.810 9.298 -0.1685 1.5691
-11.688 -0.438 45.811 9.385 0.2949 1.4988
-11.688 -0.375 45.811 9.473 0.0888 1.7200
-11.688 -0.312 45.811 9.561 0.1450 1.8777
-11.688 -0.250 45.812 9.649 0.2739 2.0105
-11.688 -0.188 45.812 9.737 0.1953 2.0442
-11.688 -0.125 45.812 9.824 0.5903 2.0257
-11.688 -0.062 45.812 9.912 0.5410 1.7005
-11.688 0.000 45.813 10.000 -0.0621 1.8460
-11.688 0.062 45.812 10.088 0.9413 1.9827
-11.688 0.125 45.812 10.176 1.2763 1.3015
-11.688 0.188 45.812 10.263 0.2626 1.9724
-11.688 0.250 45.812 10.351 0.1689 2.2791
-11.688 0.312 45.811 10.439 -0.1461 2.2654
-11.688 0.375 45.811 10.527 0.4506 1.7966
-11.688 0.438 45.811 10.615 0.7480 1.6297
-11.688 0.500 45.810 10.702 -0.0435 2.1419
-11.688 0.562 45.809 10.790 0.7685 1.9021
-11.688 0.625 45.808 10.878 1.0434 0.8714
-11.688 0.688 45.808 10.966 0.2421 0.5110
-11.688 0.750 45.807 11.054 0.5239 0.2786
-11.688 0.812 45.806 11.141 -0.1895 1.0305
-11.688 0.875 45.805 11.229 -1.3565 1.6150
-11.688 0.938 45.803 11.317 -0.6607 1.6389
-11.688 1.000 45.802 11.405 -0.3174 1.7478
-11.688 1.062 45.801 11.493 -0.6392 1.5432
-11.625 -1.188 45.860 8.330 0.2978 1.8655
-11.625 -1.125 45.862 8.418 0.0947 1.4002
-11.625 -1.062 45.863 8.505 -0.7584 0.2630
-11.625 -1.000 45.865 8.593 -0.3336 -0.3542
-11.625 -0.938 45.866 8.681 0.3852 0.5359
-11.625 -0.875 45.867 8.769 0.0663 1.0071
-11.625 -0.812 45.868 8.857 -0.3184 1.3953
-11.625 -0.750 45.869 8.945 -0.4078 1.7976
-11.625 -0.688 45.870 9.033 0.0185 1.6912
-11.625 -0.625 45.871 9.121 0.2114 1.5789
-11.625 -0.562 45.872 9.209 -0.0733 1.8958
-11.625 -0.500 45.872 9.297 -0.2452 2.0217
-11.625 -0.438 45.873 9.385 0.4174 1.6936
-11.625 -0.375 45.874 9.472 0.7099 1.7508
-11.625 -0.312 45.874 9.560 0.2123 2.0139
-11.625 -0.250 45.874 9.648 0.4497 2.3225
-11.625 -0.188 45.875 9.736 0.5390 2.1140
-11.625 -0.125 45.875 9.824 0.1972 2.0281
-11.625 -0.062 45.875 9.912 0.3544 1.9055
-11.625 0.000 45.875 10.000 0.6098 1.9314
-11.625 0.062 45.875 10.088 0.8168 2.0115
-11.625 0.125 45.875 10.176 1.4536 1.3997
-11.625 0.188 45.875 10.264 1.9125 1.0593
-11.625 0.250 45.874 10.352 0.4848 1.4954
-11.625 0.312 45.874 10.440 -0.6065 2.2556
-11.625 0.375 45.874 10.528 0.1591 2.3924
-11.625 0.438 45.873 10.615 0.7333 1.5300
-11.625 0.500 45.872 10.703 -0.1500 1.5745
-11.625 0.562 45.872 10.791 -0.1338 1.7693
-11.625 0.625 45.871 10.879 0.6938 1.1399
-11.625 0.688 45.870 10.967 0.8100 0.5969
-11.625 0.750 45.869 11.055 0.9418 0.6756
-11.625 0.812 45.868 11.143 0.5541 0.5960
-11.625 0.875 45.867 11.231 -1.1646 2.0222
-11.625 0.938 45.866 11.319 -0.8902 2.3045
-11.625 1.000 45.865 11.407 0.0454 1.7986
-11.625 1.062 45.863 11.495 -0.3248 1.7874
-11.562 -1.188 45.923 8.327 -0.6685 1.7937
-11.562 -1.125 45.924 8.415 -0.7989 0.8626
-11.562 -1.062 45.926 8.503 -0.3296 0.5003
-11.562 -1.000 45.927 8.591 0.0898 0.6228
-11.562 -0.938 45.928 8.679 0.5185 0.5427
-11.562 -0.875 45.930 8.767 0.6069 0.3806
-11.562 -0.812 45.931 8.855 0.5517 0.7351
-11.562 -0.750 45.932 8.944 0.5595 1.0237
-11.562 -0.688 45.933 9.032 0.6269 1.0432
-11.562 -0.625 45.933 9.120 0.2070 1.1424
-11.562 -0.562 45.934 9.208 0.0351 1.0706
-11.562 -0.500 45.935 9.296 0.0087 1.8342
-11.562 -0.438 45.936 9.384 0.2441 1.6331
-11.562 -0.375 45.936 9.472 0.7958 1.5134
-11.562 -0.312 45.936 9.560 0.2890 1.7478
-11.562 -0.250 45.937 9.648 0.0971 1.7249
-11.562 -0.188 45.937 9.736 0.9443 1.1404
-11.562 -0.125 45.937 9.824 0.3588 1.6150
-11.562 -0.062 45.937 9.912 -0.0010 1.9592
-11.562 0.000 45.938 10.000 0.9477 1.6980
-11.562 0.062 45.937 10.088 0.9081 1.6350
-11.562 0.125 45.937 10.176 0.8037 1.9861
-11.562 0.188 45.937 10.264 1.5073 1.2781
-11.562 0.250 45.937 10.352 1.3784 0.5193
-11.562 0.312 45.936 10.440 0.1059 1.8709
-11.562 0.375 45.936 10.528 -0.8653 2.0589
-11.562 0.438 45.936 10.616 0.0532 1.6043
-11.562 0.500 45.935 10.704 0.2822 1.5110
-11.562 0.562 45.934 10.792 -0.4297 1.5637
-11.562 0.625 45.933 10.880 0.1621 1.6487
-11.562 0.688 45.933 10.968 0.8090 1.5178
-11.562 0.750 45.932 11.056 0.9155 1.5886
-11.562 0.812 45.931 11.145 1.1284 0.9187
-11.562 0.875 45.930 11.233 -0.2359 0.6902
-11.562 0.938 45.928 11.321 -0.8838 2.1126
-11.562 1.000 45.927 11.409 -0.0836 1.7957
-11.562 1.062 45.926 11.497 -0.3541 1.8059
-11.500 -1.188 45.985 8.325 -1.6514 1.4534
-11.500 -1.125 45.987 8.413 -0.8428 1.4138
-11.500 -1.062 45.988 8.501 0.0580 1.9094
-11.500 -1.000 45.990 8.590 0.0732 1.9627
-11.500 -0.938 45.991 8.678 0.1972 1.3533
-11.500 -0.875 45.992 8.766 0.5146 0.8259
-11.500 -0.812 45.993 8.854 0.7246 0.8484
-11.500 -0.750 45.994 8.942 0.7050 0.9085
-11.500 -0.688 45.995 9.030 0.9433 0.3889
-11.500 -0.625 45.996 9.118 0.4179 0.7136
-11.500 -0.562 45.997 9.207 0.1157 0.8987
-11.500 -0.500 45.997 9.295 0.6240 1.0711
-11.500 -0.438 45.998 9.383 0.8154 1.3753
-11.500 -0.375 45.999 9.471 0.8974 1.9133
-11.500 -0.312 45.999 9.559 -0.0289 1.8299
-11.500 -0.250 45.999 9.647 -0.1832 1.9431
-11.500 -0.188 46.000 9.736 1.0419 1.6472
-11.500 -0.125 46.000 9.824 0.8774 1.7278
-11.500 -0.062 46.000 9.912 0.1039 2.1292
-11.500 0.000 46.000 10.000 0.7416 2.0759
-11.500 0.062 46.000 10.088 0.9575 1.9119
-11.500 0.125 46.000 10.176 0.2675 2.2815
-11.500 0.188 46.000 10.264 0.4140 2.0862
-11.500 0.250 45.999 10.353 1.1611 1.3841
-11.500 0.312 45.999 10.441 0.9540 0.6765
-11.500 0.375 45.999 10.529 -0.8067 1.5491
-11.500 0.438 45.998 10.617 -0.3355 1.6316
-11.500 0.500 45.997 10.705 -0.0792 0.9275
-11.500 0.562 45.997 10.793 -0.7374 0.9138
-11.500 0.625 45.996 10.882 0.1157 1.2962
-11.500 0.688 45.995 10.970 1.1074 1.4632
-11.500 0.750 45.994 11.058 0.9848 1.7044
-11.500 0.812 45.993 11.146 0.4238 0.9456
-11.500 0.875 45.992 11.234 0.0283 0.0208
-11.500 0.938 45.991 11.322 -0.1920 0.6922
-11.500 1.000 45.990 11.410 -0.1402 0.3211
-11.500 1.062 45.988 11.499 -0.7701 0.1204
-11.438 -1.188 46.048 8.323 -0.7095 1.8264
-11.438 -1.125 46.049 8.411 -0.6495 2.1160
-11.438 -1.062 46.051 8.499 -0.3047 2.1585
-11.438 -1.000 46.052 8.588 -0.6690 1.8997
-11.438 -0.938 46.053 8.676 -0.2676 1.6653
-11.438 -0.875 46.055 8.764 0.7353 1.2053
-11.438 -0.812 46.056 8.852 0.6435 1.1590
-11.438 -0.750 46.057 8.941 0.1606 1.3909
-11.438 -0.688 46.058 9.029 0.6997 1.0535
-11.438 -0.625 46.058 9.117 0.4008 1.4007
-11.438 -0.562 46.059 9.205 -0.1568 1.4895
-11.438 -0.500 46.060 9.294 0.6918 1.1282
-11.438 -0.438 46.061 9.382 1.3867 0.7825
-11.438 -0.375 46.061 9.470 0.7924 0.7464
-11.438 -0.312 46.061 9.559 0.2260 0.1384
-11.438 -0.250 46.062 9.647 0.6162 1.2610
-11.438 -0.188 46.062 9.735 1.0410 1.3655
-11.438 -0.125 46.062 9.823 0.9330 0.4871
-11.438 -0.062 46.062 9.912 0.6977 0.6614
-11.438 0.000 46.063 10.000 0.3330 0.8645
-11.438 0.062 46.062 10.088 0.6718 1.2254
-11.438 0.125 46.062 10.177 -0.0152 1.4246
-11.438 0.188 46.062 10.265 -0.8130 1.8049
-11.438 0.250 46.062 10.353 -0.0557 1.8875
-11.438 0.312 46.061 10.441 1.0502 1.0418
-11.438 0.375 46.061 10.530 -0.0606 1.3240
-11.438 0.438 46.061 10.618 -0.8638 1.2332
-11.438 0.500 46.060 10.706 -0.7349 0.5203
-11.438 0.562 46.059 10.795 -0.5547 1.0930
-11.438 0.625 46.058 10.883 0.0278 1.7000
-11.438 0.688 46.058 10.971 1.1181 1.6604
-11.438 0.750 46.057 11.059 0.8535 1.1853
-11.438 0.812 46.056 11.148 -0.2920 0.6472
-11.438 0.875 46.055 11.236 0.1992 0.9475
-11.438 0.938 46.053 11.324 -0.4698 1.2122
-11.438 1.000 46.052 11.412 -1.2857 0.3123
-11.438 1.062 46.051 11.501 -1.4708 -0.0964
-11.375 -1.188 46.110 8.321 0.7890 0.9353
-11.375 -1.125 46.112 8.409 0.0751 0.7175
-11.375 -1.062 46.113 8.497 -1.3277 1.0842
-11.375 -1.000 46.115 8.586 -1.3077 1.2239
-11.375 -0.938 46.116 8.674 -0.6124 1.2947
-11.375 -0.875 46.117 8.762 0.1962 0.6145
-11.375 -0.812 46.118 8.851 0.5556 -0.0915
-11.375 -0.750 46.119 8.939 0.6308 0.3191
-11.375 -0.688 46.120 9.028 1.1704 0.9636
-11.375 -0.625 46.121 9.116 0.4409 1.2034
-11.375 -0.562 46.122 9.204 -0.8350 1.4368
-11.375 -0.500 46.122 9.293 -0.0010 1.2874
-11.375 -0.438 46.123 9.381 1.2968 0.2522
-11.375 -0.375 46.124 9.470 1.4946 -0.7331
-11.375 -0.312 46.124 9.558 1.2817 -0.3122
-11.375 -0.250 46.124 9.646 1.4028 -0.0339
-11.375 -0.188 46.125 9.735 1.1630 -0.2673
-11.375 -0.125 46.125 9.823 1.1396 -0.4958
-11.375 -0.062 46.125 9.912 1.1391 -0.5906
-11.375 0.000 46.125 10.000 0.8588 -0.4431
-11.375 0.062 46.125 10.088 0.9145 -0.5080
-11.375 0.125 46.125 10.177 0.0029 -0.4714
-11.375 0.188 46.125 10.265 -1.0469 0.8694
-11.375 0.250 46.124 10.354 -0.0826 1.5847
-11.375 0.312 46.124 10.442 0.6186 1.2874
-11.375 0.375 46.124 10.530 -0.1939 1.2254
-11.375 0.438 46.123 10.619 -0.7881 1.1970
-11.375 0.500 46.122 10.707 -0.7012 1.2522
-11.375 0.562 46.122 10.796 0.2495 1.6926
-11.375 0.625 46.121 10.884 0.1606 1.9690
-11.375 0.688 46.120 10.972 0.1000 2.4334
-11.375 0.750 46.119 11.061 -0.2545 1.6980
-11.375 0.812 46.118 11.149 -0.3023 1.4412
-11.375 0.875 46.117 11.238 0.8232 1.5564
-11.375 0.938 46.116 11.326 -0.0059 1.8015
-11.375 1.000 46.115 11.414 -1.4371 1.7092
-11.375 1.062 46.113 11.503 -0.8921 1.5803
-11.312 -1.188 46.173 8.318 0.2031 0.5081
-11.312 -1.125 46.174 8.407 0.1196 0.8137
-11.312 -1.062 46.176 8.495 -0.8790 1.5842
-11.312 -1.000 46.177 8.584 -0.7188 1.5471
-11.312 -0.938 46.178 8.672 -0.8599 1.3494
-11.312 -0.875 46.180 8.761 -0.5001 0.5408
-11.312 -0.812 46.181 8.849 0.4628 0.1072
-11.312 -0.750 46.182 8.938 0.9296 0.5100
-11.312 -0.688 46.183 9.026 1.2607 0.7112
-11.312 -0.625 46.183 9.115 1.0141 0.1013
-11.312 -0.562 46.184 9.203 -0.0621 1.1580
-11.312 -0.500 46.185 9.292 -0.0748 1.7400
-11.312 -0.438 46.186 9.380 0.3691 0.7674
-11.312 -0.375 46.186 9.469 1.3198 -0.1579
-11.312 -0.312 46.186 9.557 1.4453 1.0589
-11.312 -0.250 46.187 9.646 0.8803 1.0120
-11.312 -0.188 46.187 9.734 1.2250 0.7835
-11.312 -0.125 46.187 9.823 1.1801 0.7444
-11.312 -0.062 46.187 9.911 1.2016 0.3299
-11.312 0.000 46.188 10.000 1.0527 0.6160
-11.312 0.062 46.187 10.089 0.5624 0.6868
-11.312 0.125 46.187 10.177 0.3559 -0.0534
-11.312 0.188 46.187 10.266 0.0063 0.9085
-11.312 0.250 46.187 10.354 0.5288 1.7049
-11.312 0.312 46.186 10.443 0.7978 0.6956
-11.312 0.375 46.186 10.531 -0.2330 0.0549
-11.312 0.438 46.186 10.620 -0.4493 1.1726
-11.312 0.500 46.185 10.708 -0.5215 1.8357
-11.312 0.562 46.184 10.797 0.5673 2.1702
-11.312 0.625 46.183 10.885 0.5678 1.5071
-11.312 0.688 46.183 10.974 -1.0069 1.8792
-11.312 0.750 46.182 11.062 -1.0088 1.7312
-11.312 0.812 46.181 11.151 -0.1490 1.7244
-11.312 0.875 46.180 11.239 1.0610 1.6057
-11.312 0.938 46.178 11.328 1.2807 1.0545
-11.312 1.000 46.177 11.416 0.1074 1.3342
-11.312 1.062 46.176 11.505 -0.8311 1.8421
-11.250 -1.188 46.235 8.316 -0.0069 1.1218
-11.250 -1.125 46.237 8.405 0.2084 1.6101
-11.250 -1.062 46.238 8.493 -0.2593 1.9182
-11.250 -1.000 46.240 8.582 -0.6607 1.8611
-11.250 -0.938 46.241 8.670 -0.8174 1.6531
-11.250 -0.875 46.242 8.759 -0.4327 1.3386
-11.250 -0.812 46.243 8.848 0.4970 1.2400
-11.250 -0.750 46.244 8.936 0.6830 1.6516
-11.250 -0.688 46.245 9.025 0.1025 1.1580
-11.250 -0.625 46.246 9.114 0.7993 0.5686
-11.250 -0.562 46.247 9.202 0.8779 1.0745
-11.250 -0.500 46.247 9.291 -0.5386 1.4553
-11.250 -0.438 46.248 9.380 -0.2657 1.0081
-11.250 -0.375 46.249 9.468 1.0117 0.5867
-11.250 -0.312 46.249 9.557 1.0180 0.9422
-11.250 -0.250 46.249 9.645 0.4833 1.3147
-11.250 -0.188 46.250 9.734 0.7216 1.5984
-11.250 -0.125 46.250 9.823 0.1611 1.3889
-11.250 -0.062 46.250 9.911 0.7285 1.1013
-11.250 0.000 46.250 10.000 0.9858 1.0921
-11.250 0.062 46.250 10.089 -0.2017 1.6384
-11.250 0.125 46.250 10.177 -0.0914 1.1643
-11.250 0.188 46.250 10.266 0.6752 0.9959
-11.250 0.250 46.249 10.355 0.7871 1.3845
-11.250 0.312 46.249 10.443 1.0244 0.5779
-11.250 0.375 46.249 10.532 0.8369 0.0393
-11.250 0.438 46.248 10.620 0.0356 0.1814
-11.250 0.500 46.247 10.709 -0.9063 0.9651
-11.250 0.562 46.247 10.798 -0.0396 1.3518
-11.250 0.625 46.246 10.886 0.1323 0.3025
-11.250 0.688 46.245 10.975 -1.4444 0.5232
-11.250 0.750 46.244 11.064 -1.2252 1.4466
-11.250 0.812 46.243 11.152 0.0351 1.5530
-11.250 0.875 46.242 11.241 1.0068 1.5706
-11.250 0.938 46.241 11.330 1.3466 0.6760
-11.250 1.000 46.240 11.418 0.8862 -0.2214
-11.250 1.062 46.238 11.507 0.6079 -0.0847
-11.188 -1.188 46.298 8.314 0.1450 1.8777
-11.188 -1.125 46.299 8.403 0.7910 1.6345
-11.188 -1.062 46.301 8.491 -0.3545 1.3552
-11.188 -1.000 46.302 8.580 -1.1934 1.3723
-11.188 -0.938 46.303 8.669 -0.6661 1.7429
-11.188 -0.875 46.304 8.757 0.2060 1.8508
-11.188 -0.812 46.306 8.846 0.5473 1.6863
-11.188 -0.750 46.307 8.935 -0.2198 1.5222
-11.188 -0.688 46.308 9.024 -0.5171 1.4812
-11.188 -0.625 46.308 9.112 0.3930 1.4568
-11.188 -0.562 46.309 9.201 0.4531 0.8836
-11.188 -0.500 46.310 9.290 -0.6617 1.0012
-11.188 -0.438 46.310 9.379 -0.4444 1.0237
-11.188 -0.375 46.311 9.467 0.7871 0.8211
-11.188 -0.312 46.311 9.556 1.3466 0.5911
-11.188 -0.250 46.312 9.645 1.2426 0.8084
-11.188 -0.188 46.312 9.734 0.4057 1.0056
-11.188 -0.125 46.312 9.822 -0.4009 1.1150
-11.188 -0.062 46.312 9.911 0.5522 0.7141
-11.188 0.000 46.312 10.000 0.5253 0.9700
-11.188 0.062 46.312 10.089 -0.5171 1.5022
-11.188 0.125 46.312 10.178 -0.3755 1.8216
-11.188 0.188 46.312 10.266 0.2529 1.4993
-11.188 0.250 46.312 10.355 0.7758 1.3064
-11.188 0.312 46.311 10.444 0.3369 1.3284
-11.188 0.375 46.311 10.533 0.0278 0.5432
-11.188 0.438 46.310 10.621 -0.3707 -0.0046
-11.188 0.500 46.310 10.710 -1.1187 0.2639
-11.188 0.562 46.309 10.799 -0.7442 0.2698
-11.188 0.625 46.308 10.888 -0.8296 -0.2781
-11.188 0.688 46.308 10.976 -1.2090 -0.0603
-11.188 0.750 46.307 11.065 -0.6509 1.7049
-11.188 0.812 46.306 11.154 0.1367 1.8816
-11.188 0.875 46.304 11.243 0.7665 1.6199
-11.188 0.938 46.303 11.331 1.0219 0.7498
-11.188 1.000 46.302 11.420 1.2167 0.4265
-11.188 1.062 46.301 11.509 1.0209 0.6360
-11.125 -1.188 46.360 8.312 -0.5235 2.8196
-11.125 -1.125 46.362 8.400 0.4247 2.2737
-11.125 -1.062 46.363 8.489 -0.2667 1.4866
-11.125 -1.000 46.365 8.578 -0.6646 1.5974
-11.125 -0.938 46.366 8.667 -0.0836 1.9119
-11.125 -0.875 46.367 8.756 0.4052 1.8689
-11.125 -0.812 46.368 8.845 -0.5235 0.9978
-11.125 -0.750 46.369 8.933 -0.6920 0.6951
-11.125 -0.688 46.370 9.022 0.5361 1.4871
-11.125 -0.625 46.371 9.111 0.3740 1.8299
-11.125 -0.562 46.372 9.200 -0.0562 1.3274
-11.125 -0.500 46.372 9.289 -0.1690 1.6765
-11.125 -0.438 46.373 9.378 -0.1705 1.7761
-11.125 -0.375 46.374 9.467 0.7246 1.7508
-11.125 -0.312 46.374 9.556 1.3632 1.5955
-11.125 -0.250 46.374 9.644 1.5405 1.3723
-11.125 -0.188 46.375 9.733 1.1083 0.5789
-11.125 -0.125 46.375 9.822 0.3085 1.1663
-11.125 -0.062 46.375 9.911 0.2465 0.9256
-11.125 0.000 46.375 10.000 -0.3751 1.2268
-11.125 0.062 46.375 10.089 -0.1094 1.7200
-11.125 0.125 46.375 10.178 -0.1285 1.7786
-11.125 0.188 46.375 10.267 -0.3961 2.1414
-11.125 0.250 46.374 10.356 0.3476 1.5056
-11.125 0.312 46.374 10.444 -0.2920 1.2664
-11.125 0.375 46.374 10.533 -0.4820 0.9573
-11.125 0.438 46.373 10.622 -0.3931 0.7952
-11.125 0.500 46.372 10.711 -0.8658 0.8372
-11.125 0.562 46.372 10.800 -0.9620 1.0335
-11.125 0.625 46.371 10.889 -1.1827 0.6360
-11.125 0.688 46.370 10.978 -0.7798 0.4339
-11.125 0.750 46.369 11.067 0.3818 1.8338
-11.125 0.812 46.368 11.155 0.2158 1.7869
-11.125 0.875 46.367 11.244 -0.1822 1.2932
-11.125 0.938 46.366 11.333 0.7851 1.0657
-11.125 1.000 46.365 11.422 1.4379 0.7840
-11.125 1.062 46.363 11.511 0.4872 0.6790
-11.062 -1.188 46.423 8.309 -0.2232 2.6614
-11.062 -1.125 46.424 8.398 -0.2862 3.1384
-11.062 -1.062 46.426 8.487 -0.2525 2.2346
-11.062 -1.000 46.427 8.576 -0.1900 2.4236
-11.062 -0.938 46.428 8.665 0.1372 2.0369
-11.062 -0.875 46.429 8.754 -0.2300 0.9924
-11.062 -0.812 46.431 8.843 -0.8985 0.9675
-11.062 -0.750 46.432 8.932 -0.2349 1.0628
-11.062 -0.688 46.433 9.021 0.9018 1.6370
-11.062 -0.625 46.433 9.110 0.6337 2.1189
-11.062 -0.562 46.434 9.199 0.1137 2.1922
-11.062 -0.500 46.435 9.288 0.4428 2.5291
-11.062 -0.438 46.435 9.377 0.7929 2.6516
-11.062 -0.375 46.436 9.466 0.9536 2.3587
-11.062 -0.312 46.436 9.555 0.9921 1.7424
-11.062 -0.250 46.437 9.644 0.6992 1.9768
-11.062 -0.188 46.437 9.733 0.6870 1.5545
-11.062 -0.125 46.437 9.822 0.7080 1.3655
-11.062 -0.062 46.437 9.911 0.3837 0.7761
-11.062 0.000 46.438 10.000 -0.0567 1.7366
-11.062 0.062 46.437 10.089 0.0341 1.7630
-11.062 0.125 46.437 10.178 -0.4610 1.1614
-11.062 0.188 46.437 10.267 -0.6924 1.3191
-11.062 0.250 46.437 10.356 -0.0220 0.9597
-11.062 0.312 46.436 10.445 0.4907 0.8142
-11.062 0.375 46.436 10.534 0.0229 1.0022
-11.062 0.438 46.435 10.623 -0.3541 1.2771
-11.062 0.500 46.435 10.712 -0.3008 1.2097
-11.062 0.562 46.434 10.801 -0.2828 1.4998
-11.062 0.625 46.433 10.890 -0.9947 1.3069
-11.062 0.688 46.433 10.979 -0.8487 1.2385
-11.062 0.750 46.432 11.068 0.4716 2.0965
-11.062 0.812 46.431 11.157 0.2006 1.7659
-11.062 0.875 46.429 11.246 -0.6534 1.0886
-11.062 0.938 46.428 11.335 0.5859 0.9470
-11.062 1.000 46.427 11.424 1.2524 0.0672
-11.062 1.062 46.426 11.513 0.8974 -0.3420
-11.000 -1.188 46.485 8.307 0.8012 -0.0549
-11.000 -1.125 46.487 8.396 -0.2120 1.7947
-11.000 -1.062 46.488 8.485 -0.4341 2.4070
-11.000 -1.000 46.490 8.574 -0.4615 2.1692
-11.000 -0.938 46.491 8.663 -0.5533 1.6829
-11.000 -0.875 46.492 8.752 -0.8409 1.1223
-11.000 -0.812 46.493 8.841 -0.6880 1.6541
-11.000 -0.750 46.494 8.931 0.2358 1.4983
-11.000 -0.688 46.495 9.020 1.3232 1.7854
-11.000 -0.625 46.496 9.109 0.7592 2.2298
-11.000 -0.562 46.497 9.198 0.2128 2.5237
-11.000 -0.500 46.497 9.287 0.6938 2.7732
-11.000 -0.438 46.498 9.376 1.3754 2.3645
-11.000 -0.375 46.499 9.465 1.2167 1.4895
-11.000 -0.312 46.499 9.554 0.6850 0.4680
-11.000 -0.250 46.499 9.643 0.4218 0.9090
-11.000 -0.188 46.500 9.733 0.5102 2.0730
-11.000 -0.125 46.500 9.822 0.7133 1.3635
-11.000 -0.062 46.500 9.911 0.8364 0.0681
-11.000 0.000 46.500 10.000 0.5419 1.0105
-11.000 0.062 46.500 10.089 -0.6670 1.0935
-11.000 0.125 46.500 10.178 -0.5704 0.9334
-11.000 0.188 46.500 10.267 -0.5503 0.8513
-11.000 0.250 46.499 10.357 -0.2149 1.1048
-11.000 0.312 46.499 10.446 0.3940 1.3933
-11.000 0.375 46.499 10.535 0.3735 1.1380
-11.000 0.438 46.498 10.624 -0.4551 1.1126
-11.000 0.500 46.497 10.713 -0.5474 1.1663
-11.000 0.562 46.497 10.802 -0.3712 0.9309
-11.000 0.625 46.496 10.891 -0.9351 1.0764
-11.000 0.688 46.495 10.980 -0.7256 1.5701
-11.000 0.750 46.494 11.069 -0.0084 2.1668
-11.000 0.812 46.493 11.159 -0.7037 1.5305
-11.000 0.875 46.492 11.248 -1.0425 1.1511
-11.000 0.938 46.491 11.337 0.1938 1.1951
-11.000 1.000 46.490 11.426 0.9501 0.4353
-11.000 1.062 46.488 11.515 1.2592 0.2952
-10.938 -1.188 46.548 8.305 0.3427 0.7737
-10.938 -1.125 46.549 8.394 -0.3633 0.5628
-10.938 -1.062 46.551 8.483 -0.4405 1.8841
-10.938 -1.000 46.552 8.572 -0.7505 1.9778
-10.938 -0.938 46.553 8.661 -0.6080 2.3098
-10.938 -0.875 46.554 8.751 -0.5264 2.6233
-10.938 -0.812 46.556 8.840 -0.6177 2.5789
-10.938 -0.750 46.557 8.929 0.3364 2.1878
-10.938 -0.688 46.558 9.018 1.9404 2.0628
-10.938 -0.625 46.558 9.108 1.0302 1.1311
-10.938 -0.562 46.559 9.197 -0.1607 1.6995
-10.938 -0.500 46.560 9.286 0.2841 2.2058
-10.938 -0.438 46.560 9.375 0.8569 1.6062
-10.938 -0.375 46.561 9.465 1.0146 0.6604
-10.938 -0.312 46.561 9.554 0.4169 -0.0784
-10.938 -0.250 46.562 9.643 0.7216 -0.0803
-10.938 -0.188 46.562 9.732 0.6098 0.6458
-10.938 -0.125 46.562 9.822 -0.2291 1.2722
-10.938 -0.062 46.562 9.911 0.1977 0.5315
-10.938 0.000 46.562 10.000 0.2353 0.0012
-10.938 0.062 46.562 10.089 -0.9405 0.9758
-10.938 0.125 46.562 10.178 -0.4742 1.6365
-10.938 0.188 46.562 10.268 -0.2364 1.5965
-10.938 0.250 46.562 10.357 -0.1553 1.4177
-10.938 0.312 46.561 10.446 0.2993 1.1843
-10.938 0.375 46.561 10.535 -0.4366 -0.3972
-10.938 0.438 46.560 10.625 -0.9395 -0.2146
-10.938 0.500 46.560 10.714 -1.2466 -0.2873
-10.938 0.562 46.559 10.803 -0.9869 -0.4631
-10.938 0.625 46.558 10.892 -0.8614 -0.0715
-10.938 0.688 46.558 10.982 -0.9102 0.5633
-10.938 0.750 46.557 11.071 -1.0460 0.5676
-10.938 0.812 46.556 11.160 -1.3560 0.8347
-10.938 0.875 46.554 11.249 -0.8228 1.6096
-10.938 0.938 46.553 11.339 0.1796 1.7366
-10.938 1.000 46.552 11.428 1.0766 1.7195
-10.938 1.062 46.551 11.517 1.7358 1.4407
-10.875 -1.188 46.610 8.302 -1.3223 2.3792
-10.875 -1.125 46.612 8.392 -1.2901 1.9607
-10.875 -1.062 46.613 8.481 -0.3375 1.9036
-10.875 -1.000 46.614 8.570 -0.2232 1.9881
-10.875 -0.938 46.616 8.660 -0.0684 2.5896
-10.875 -0.875 46.617 8.749 -0.3731 2.6731
-10.875 -0.812 46.618 8.838 -0.3140 1.9378
-10.875 -0.750 46.619 8.928 0.3920 2.0637
-10.875 -0.688 46.620 9.017 0.8691 1.9480
-10.875 -0.625 46.621 9.106 0.1816 0.2532
-10.875 -0.562 46.622 9.196 0.0810 0.1814
-10.875 -0.500 46.622 9.285 -0.1036 1.4412
-10.875 -0.438 46.623 9.374 -0.1426 0.6765
-10.875 -0.375 46.624 9.464 0.1962 -0.3547
-10.875 -0.312 46.624 9.553 0.4843 -0.4729
-10.875 -0.250 46.624 9.643 0.7822 -0.1516
-10.875 -0.188 46.625 9.732 0.9267 -0.1003
-10.875 -0.125 46.625 9.821 0.2094 0.6238
-10.875 -0.062 46.625 9.911 -0.3907 1.0393
-10.875 0.000 46.625 10.000 -0.2305 0.2727
-10.875 0.062 46.625 10.089 -0.4337 0.6961
-10.875 0.125 46.625 10.179 -0.4004 1.7219
-10.875 0.188 46.625 10.268 -0.2496 1.9612
-10.875 0.250 46.624 10.357 -0.7383 0.9885
-10.875 0.312 46.624 10.447 -0.8941 0.1013
-10.875 0.375 46.624 10.536 -0.0005 -0.5368
-10.875 0.438 46.623 10.626 -0.2579 -0.0144
-10.875 0.500 46.622 10.715 -0.9620 -0.0066
-10.875 0.562 46.622 10.804 -0.9551 -0.1360
-10.875 0.625 46.621 10.894 -0.9664 -0.0935
-10.875 0.688 46.620 10.983 -1.6148 0.1062
-10.875 0.750 46.619 11.072 -1.2833 0.0120
-10.875 0.812 46.618 11.162 -0.6539 1.1380
-10.875 0.875 46.617 11.251 0.1039 1.9285
-10.875 0.938 46.616 11.340 0.3862 1.9519
-10.875 1.000 46.614 11.430 0.6962 2.0134
-10.875 1.062 46.613 11.519 0.7890 1.8738
-10.812 -1.188 46.673 8.300 0.5873 1.5291
-10.812 -1.125 46.674 8.389 -0.3897 1.9846
-10.812 -1.062 46.676 8.479 -0.6871 2.0354
-10.812 -1.000 46.677 8.568 -0.2779 0.6707
-10.812 -0.938 46.678 8.658 0.2329 0.4177
-10.812 -0.875 46.679 8.747 -0.7545 1.1848
-10.812 -0.812 46.681 8.837 -0.9673 -0.4177
-10.812 -0.750 46.682 8.926 -0.3472 -0.8469
-10.812 -0.688 46.683 9.016 -0.5240 -0.3450
-10.812 -0.625 46.683 9.105 -0.9844 -0.5798
-10.812 -0.562 46.684 9.195 -0.0845 -0.9792
-10.812 -0.500 46.685 9.284 0.0429 0.0242
-10.812 -0.438 46.685 9.374 -0.6739 -0.4836
-10.812 -0.375 46.686 9.463 0.3701 -0.9597
-10.812 -0.312 46.686 9.553 1.1747 -0.0740
-10.812 -0.250 46.687 9.642 0.8857 0.6306
-10.812 -0.188 46.687 9.732 0.7289 0.4632
-10.812 -0.125 46.687 9.821 0.7900 0.3123
-10.812 -0.062 46.687 9.911 -0.1509 1.0540
-10.812 0.000 46.688 10.000 -0.8126 0.8323
-10.812 0.062 46.687 10.089 -0.1695 0.2166
-10.812 0.125 46.687 10.179 0.1162 0.6179
-10.812 0.188 46.687 10.268 -0.2818 0.9378
-10.812 0.250 46.687 10.358 -0.8497 1.0750
-10.812 0.312 46.686 10.447 -0.9156 0.6907
